5.03
13.48
11.51
6.86
11.5
5.17
6.29
8.73
13.01
9.39
13.87
5.41
11.85
8.82
5.9
10.72
7.17
11.88
13.41
13.43
5.53
9.37
12.54
14.82
8.18
12.51
12.07
13.55
14.81
5.45
8.56
7.92
14.99
8.53
12.68
12.2
5.67
7.91
11.01
9.67
6.29
10.92
8.22
5.84
9.93
11.18
8.57
5.66
10.34
9.08
10.82
8.26
11.11
12.65
8.18
11.02
5.51
10.62
5.25
10.83
7.53
9.69
6.06
13.96
8.15
14.83
7.93
5.6
6.3
8.18
11.89
11.42
12.05
10.63
6.85
10.64
5.65
6.23
14.29
11.26
9.86
6.6
10.38
5.19
11.51
7.59
10.59
8.89
11.72
8.85
7.65
14.06
13.95
6.11
11.67
5.9
14.91
9.36
6.67
14.2
11.77
9.15
5.24
12.8
10.11
9.25
11.78
11.73
12.9
9.52
6.34
10.1
11.26
14.42
11.17
13.73
12.41
9.39
9.89
6.16
10.1
8.74
8.95
12.06
7.49
6.89
9.06
7.87
14.61
6.91
7.29
11.75
9.56
11.07
11.61
7.56
7.07
7.99
5.48
12.53
13.24
5.33
6.14
7.01
10.21
11.91
9.44
9.09
14.77
13.62
12.95
6.28
12.28
12.28
12.75
13.86
8.56
5.72
9.8
13.27
5.66
10.33
12.41
12.41
5.4
7.23
10.19
10.8
7.7
5.98
5.41
9.54
11.99
6.86
9.81
13.52
10.35
10.75
9.89
12.94
8.1
14.37
14.85
10.32
11.69
12.48
7.91
12.6
11.03
6.73
10.72
6.94
10
7.96
6.55
9.78
11.29
12.92
12.88
11.3
13.98
7.6
10.83
13.85
11.94
10.08
8.57
7.26
9.68
6.77
5.38
8.12
5.4
12.65
14.83
14.23
9.48
14.48
7.05
5.06
9.23
6.92
13.8
12.97
8.08
5.5
7.93
11.7
11.12
12.91
13.65
13.15
6.52
14.76
13.3
7.83
12.52
12.62
12.42
5.09
14.11
10.83
6.86
5.97
11.5
5.14
5.72
14.75
7.41
10.65
10.83
12.47
11.45
9.98
13.99
10.42
14.22
9.52
7.2
7.92
6.85
8.62
10.88
12.87
10.5
11.59
9.97
8.87
10.8
9.82
8.49
14.88
14.79
14.53
12.44
9.42
11.45
11.63
11.61
14.38
6.94
13.15
5.34
10.17
5.24
14.37
14.34
5.08
5.53
7.68
8.13
12.44
12.12
13.18
13.18
11.36
12.91
11.13
14.82
10.61
5.6
11.58
6.49
5.12
9.52
14.52
9.68
8.34
13.55
5.28
10.02
10.17
9.66
11.14
5.94
6.5
5.37
11.46
8.96
9.21
9.06
6.58
11.5
6.13
14.7
9.88
12.01
13.6
6.08
11.39
8.34
13.15
8.1
13.38
7.27
12.19
13.59
6.25
7.82
8.43
10.34
9.76
14.44
8.99
10.97
14.87
10.29
13.38
10.32
14.02
11.3
14.91
10.29
13.56
5.96
6.99
7.21
13.2
11.46
9.54
12.57
13.03
5.53
12.17
13.95
9.04
7.47
5.51
14.95
12.68
12.49
5.02
12.78
14.65
5.89
5.21
5.87
8.55
11.01
7.22
11.47
9.25
11.36
13.26
8.08
13.32
13.96
13.13
9.97
6.28
7.81
11.34
14.96
11.62
12
9.63
8.02
13.72
11.22
13.69
14.5
8.75
6.98
13.43
14.65
5.44
9.28
6.81
9.89
9.34
11.1
7.64
10.29
12.1
11.21
7.1
12.53
9.23
10.43
6.95
10.74
8.23
8.18
10.38
12.11
5.95
8.59
11.44
6.49
8.75
14.93
13.42
11.44
9.75
12
12.5
7.92
11.59
11.1
11.18
5.51
11.2
12.74
12.65
13.99
12.62
12.98
9.89
8.26
12.4
6.91
14.51
5.14
6.49
8.03
14.11
14.04
9.94
8.94
8
11.49
11.43
11.77
14.22
5.52
7.55
8.68
12.61
11.92
10.15
9.39
7.61
7.06
13.18
9.2
6.5
6.06
12.5
9.16
7.31
6.46
13.13
8.1
12.87
12
6.79
12.28
6.36
13.34
5.2
10.53
7.25
8.28
7.89
14.62
5.72
5.63
5.34
13.95
6.1
13.81
6.25
8.78
12.1
10.06
6.89
10.37
14.14
9.48
11.99
7.79
10.8
5.61
12.81
10.09
14.39
9.78
6.78
10.62
12.47
7.29
9.71
13.23
11.98
9.6
12.15
6.98
7.44
5.69
10.36
6.98
10
14.97
6.43
6.2
8.34
12.52
9.64
13.01
10.78
5.8
12.19
7.61
5.86
11.73
8.01
12.94
9.8
9.27
8.28
13.28
14.31
6.12
6.6
8.99
5.25
7.46
13.14
13.47
8.81
12.3
11.22
14.79
14.42
14.18
14.3
13.37
14.53
10.86
9.87
7.61
5.35
14.5
12.44
9.65
14.97
8.57
12.11
12.02
14.51
5.54
6.36
6.71
10.18
6.07
9.97
11.18
12.47
9.28
9.49
14.75
8.83
11.2
5.03
13.33
10.56
10.13
12.24
5.95
9.22
10.45
9.72
9.26
5.35
14.38
12.22
6.13
14.17
5.46
8.44
10.16
8.61
14.24
9.26
9.17
6.86
10.61
11.53
5.29
8.77
13.57
10.34
7.04
8.86
13.05
10.02
12.58
14.48
7.54
8.52
9.03
13.64
7.69
7.39
11.11
8.02
6.84
13.94
7.49
6.76
6.68
6.11
8.46
11.03
5.14
9.13
11.66
13.55
5.01
7.77
9.1
8.23
12.59
8.44
14.62
9.8
14.46
14.95
7.09
7.32
13.54
13.36
5.67
6.82
7.99
6.53
8.52
8.14
10.37
11.93
13.06
5.29
8.13
12.12
6.21
12.21
5.63
12.77
11.57
11.73
6.05
8.94
13.23
14.53
12.33
10.23
9.09
6.77
12.54
10.04
14.14
12.59
7.43
9.64
10.39
12.27
9.14
5.07
7.55
12.67
10.16
7.67
9.53
10.39
14.59
5.9
14.34
5.41
9.32
5.42
13.93
10.01
11.55
14.82
8.77
7.13
13.55
10.58
9.27
11.85
13.79
7.28
13.25
11.78
6.55
7.13
5.43
5.9
13.57
8.86
13.81
11.34
13.16
6.71
14.91
12.42
12.83
10.55
5.49
12.43
7
6.98
5.44
6.33
8.65
12.71
8.35
14.76
12.01
6.59
9.09
7.96
13.62
10.88
6.27
8.09
14.44
12.76
13.11
6.96
13.4
7.92
12.75
13.7
11.62
11.82
6.06
9.99
6.96
7.71
11.66
13.48
9.98
11.16
14.67
6.01
14.47
14.8
10.71
6.51
11.43
8.04
14.74
14.34
12.49
12.39
6.11
13.99
13.38
11.15
7.64
13.5
9.98
9.22
6.71
9.46
5.31
10.01
8.31
13.58
11.55
13.56
11.89
9.31
9.55
9.02
14
12.34
8.57
10.45
6.94
13.66
13.02
14.5
12.53
8.97
14.01
7.07
6.67
9.86
5.77
11.15
14.87
13.1
9.54
9.78
14.48
14.88
10.52
12.92
8.6
13.48
10.76
9.84
6.61
9.75
14.64
11.49
7.45
7.5
12.32
6.93
5.93
11.89
6.03
9.19
10.83
13.05
6.18
7.99
14.09
11.2
7.91
7.95
7.01
14.61
14.58
13.27
12.37
13.59
11.07
12.13
10.3
14.11
14.39
8.09
9.04
11.13
7.47
5.83
12.97
6.36
7.55
12.47
11.71
10.59
7.64
8.92
10.33
6.32
14.84
9.81
7.3
6.55
12.88
12.35
7.1
6.26
6.72
12.62
9.59
8.28
13.18
9.57
8.37
6.76
8.06
7.61
14.52
6.87
12.94
12.19
7.9
12.99
10.51
10.12
10.41
14.12
13.6
8.79
8
7.8
12.65
14.17
9.27
11.74
9.79
11.69
7.22
9.61
7.75
9.7
12.89
13.45
13.56
11.92
10.56
9.87
11.97
10.49
10.56
6.48
5.45
11.21
7.88
12.77
5.44
10.45
9.96
14.34
13.23
6.07
14.79
13.15
8.79
7.85
12.44
10.21
9.43
5.85
8.52
14.89
7.26
14.24
13.47
12.62
5.14
7.79
14.19
8.98
13.5
11.23
5.23
5.42
9.05
7.16
7.47
5.09
7.62
10.81
11.06
11.49
9.27
5.78
14.71
5.07
7.99
9.69
8.33
7.3
11.15
14.95
13.97
9.87
8.9
12.78
6.65
8.15
8.48
6.62
14.1
5.98
14.39
9.67
11.21
7.29
14.75
8.57
11.7
12.38
10.75
7.47
11.08
14.51
5.19
12.17
12.95
14.46
7.75
5.2
9.19
7.12
11.61
7.57
10.44
13.99
11.86
12
11.45
7.94
7.11
6.11
5.65
10.3
6.77
14.07
6.21
14.25
8.85
11.12
5.35
12.52
14.87
11.3
11.12
9.5
14.04
14.82
6.14
14.84
11.77
7.89
7.57
7.88
12.58
11.16
13.44
8.36
8.92
5.38
6.74
10.97
11.63
8.84
6.36
10.02
14.53
11.41
10.23
13.55
14.73
14.87
7.93
10.69
5.56
9.67
8.72
12.55
7.94
12.29
8.74
11.65
13.78
9.13
10.5
6.32
11.23
10.2
6.02
11.91
8.19
10.62
13.5
7.14
11.76
8.59
14.54
13.98
13.87
13.19
7.19
14.65
7.85
7.34
6.89
14.2
9.03
6
14.56
8.98
9.98
14.34
11.54
6.16
11.56
8.74
14.93
9.22
5.99
5.79
5.59
5.21
8.96
6.35
11.24
8.07
11.56
7.71
14.4
11.71
11.63
12.05
6.18
14.76
5.18
14.51
5.61
11.31
13.51
5.85
13.22
10.12
12.72
8.59
8.18
14.77
8.16
14.78
13.6
5.32
8.45
5
6.43
13.48
13.37
5.05
10.71
7.2
14.36
8.66
9.69
11.74
11.69
13.08
14.17
6.26
6.89
10.09
10.05
6.93
10.36
14.02
13.24
10.35
9.46
13.07
9.47
14.29
9.72
10.62
13.5
13.09
6.5
7.26
12.47
5.62
5.77
8.03
10.26
8.92
12.45
9.75
8.67
9.49
11.22
13.54
11.12
13.3
9.96
12.75
9.21
9.5
5.06
12.71
9.66
14.71
14.84
11.82
9.53
5.52
6.26
5.15
11.76
14.71
9.17
13.51
10.15
13.14
5.01
7.67
6.86
8.16
5.67
5.68
5.97
8.84
11.85
13.11
7.48
7.03
14.87
9.34
7.61
13.89
10.31
5.29
13.83
14.84
6.92
6.22
9.85
13.4
5.09
9.49
10.88
11.36
7.15
6.1
9.43
7.64
14.38
8.51
9.43
6.35
13.73
9.27
9.03
10.14
10.93
6.51
5.96
7.63
10.72
9.63
13.37
7.2
7.43
5.66
8.81
7.91
5.67
13.94
6.42
9.31
13.2
14.16
7.01
13.01
13.24
10.91
12.02
13.21
9.72
6.17
13.06
14.41
13.73
10.66
12.66
5.42
13.66
11.41
9.33
7.69
7.55
10.6
11.49
11.51
12.13
6.71
14.7
12.1
8.35
13.96
8.07
5.86
10.07
5.58
7.86
8.45
5.12
14.41
9.31
7.03
7.98
10
14.22
11.46
7.14
9.11
9.81
14.47
6.71
5.73
12.6
13.59
11.57
7.23
11.55
6.61
10.51
5.78
13.55
7.04
13.76
7.79
7.27
9.13
14.48
8.01
5.29
12.97
13.56
5.08
6.85
11.79
6.86
7.45
8.7
11.53
13.59
7.84
13.82
6.12
11.26
11.48
14.06
14.06
11.98
5.68
9.98
6.81
14.55
10.13
9.57
11.85
7.14
5.5
6.29
7.96
10.4
7.98
5.79
6.65
5.09
12.43
6.42
11.83
5.51
14.98
13.13
6.69
9.2
11.8
6.34
6.04
5.44
5.17
9.19
13.46
7.45
8.63
7.72
5.51
8.4
14.63
14.82
7.19
12.07
8.86
10.22
12.28
7.65
7.66
11.54
10.34
13.66
5.26
5.5
8.34
12.65
14.14
5.78
12.65
8.48
7.43
11.15
8.29
8.76
14.26
10.27
14.27
5.77
12.45
12.51
10.19
10.14
5.73
10.47
8.56
13.76
7.04
14.45
8.91
10.46
10.38
8.29
7.08
14.65
5.32
8.83
5.57
13.17
8.02
9.31
6.78
13.21
7.16
10.5
11.56
11.69
11.59
10.61
14.43
7.74
12.45
6.32
8.62
6.31
7.12
7.69
8.27
7.55
13.56
11.18
14.13
14.18
6.07
10.91
10.99
14.08
9.08
14.54
8.72
14.64
14.84
11.62
9.95
8.95
12.56
10.34
8.17
6.08
13.21
8.12
5.97
8.47
13.13
13.15
11.35
14.11
14.67
10.89
10.53
13.36
5.48
12.04
9.03
14.43
5.06
10.15
7.79
13.02
7.8
12.34
9.8
7.19
6.82
14.03
14.22
12.18
14.48
12.61
7.3
9.31
13.2
12.64
7.73
7.02
14.42
6.94
11.6
10.01
5.54
7.59
10.38
14.25
14.09
10.87
7.98
10.02
8.09
8.1
8.79
13.59
12.65
5.1
7.01
8.14
5.11
12.52
13.45
13.41
11.63
11.41
8.06
5.82
6.65
13.81
11.35
11.87
12.69
10.55
9.7
6.84
9.11
8
13.77
14.54
13.88
10.49
12.23
12.31
11.92
5.03
9.03
11.38
12.14
13.96
14.62
11.87
5.04
10.18
5.87
6
7.75
11.02
12.23
12.14
14.18
13.66
9.47
13.71
11.88
10.19
5.7
6.99
13.49
11.32
10.5
11.37
14.49
7.44
7.62
13.27
6.38
5.51
5.05
10
5.57
6.89
13.98
7
11.31
5
10.91
13.54
10.39
13.66
13.34
5.45
11.09
6.46
6.11
11.69
11.65
10.29
11.17
8.9
6.42
13.83
13.68
5.4
7.83
8.63
8.42
8.56
6.2
13.92
12.68
5.6
8.67
10.69
5.7
5.49
5.81
9.29
7.81
13.15
12.6
8.2
8.28
14.43
9.57
12.19
10.44
13.09
13.65
6.89
9.58
9.45
11.2
11.75
6.59
10.4
13.58
7.02
8.08
12.37
8.52
12.45
13
8.17
8.44
6.17
8.03
7.92
9.48
11.57
11.49
7.72
10.73
6.3
11.12
14.48
12.75
14.48
6.13
13.04
12.58
12.56
13
9.24
11.38
13.18
11.06
11.64
12.24
12.79
6.47
8.15
6.99
10.02
5.54
14.14
9.98
11.33
5.31
7.06
14.38
5.09
6.05
9.7
10.42
10.07
7.3
5.45
7.23
12.91
13.48
5.75
14.71
9.88
12.6
12.91
13.95
7.07
13.09
9.44
5.89
11.61
8.31
10.5
7.82
9.5
5.86
5.83
11.45
9.53
6.72
11.09
6.51
12.2
11.39
7.12
14.72
12.8
13.08
8.51
14.62
8.47
5.64
10.85
7.89
9.72
11.8
5.77
9.12
14.21
5.1
10.47
11.14
11.51
13.21
12.35
12.23
5.07
9.57
11.03
14.74
6.43
5.99
5.33
5.97
10.45
5.41
5.98
13.79
9.77
6.47
8.37
14.48
13.05
6.51
13.74
10.91
6.59
9.06
12.75
14.88
9.28
11.9
10.84
12.54
9.19
10.23
10.85
14.18
14.49
5.09
5.02
9.1
12.9
9.2
14.25
13.74
6.33
11.91
8.9
13.31
14.76
14.54
5.53
5.11
10.37
12.25
5.61
11.96
6.82
7.36
13.81
7.62
12.34
6.07
10.15
11.38
8.99
10.26
7.94
14.74
9.09
9.72
8.49
9.94
7.67
7.94
10.85
14.76
12.63
14.6
5.77
7.77
6.61
6.79
10.52
6.1
9.95
14.28
9.47
13.93
6.85
11.45
6.03
13.77
10.77
8.23
12.63
7.68
13
6.75
5.04
9.6
11.17
5.82
14.69
8.34
9.35
14.06
6.1
9.42
8.48
11.93
11.26
10.97
10.08
11.16
10.69
5.81
7.67
5.46
8.33
13.49
9.72
12.64
6.94
10
8.88
10.14
9.95
10.01
10.5
11.14
5.77
11.87
14.9
5.85
9.69
12.58
12.32
14.47
5.36
13.82
6.61
14.45
5.14
5.32
14.61
11.91
12.93
11.25
6.72
8.19
12.74
9.66
6.74
11.83
7.71
7.86
11.93
8.39
6.99
12.12
5.43
12.36
13.11
6.85
7.21
7.04
10.66
7.06
14.96
10.24
9.89
14.35
6.95
13.47
5.23
13.69
10.98
12.53
12.21
10.5
9.81
13.61
12.76
14.14
9.29
6.86
12.92
5.07
9.93
9.5
12.03
7.17
13.44
11.4
10.01
9.47
14.71
7.08
14.22
9.76
7.55
6.53
10.98
7.87
8.09
12.88
9.81
11.97
5.3
6.03
11.18
11.92
7.75
8.89
7.75
5.31
9.51
10.15
14.67
11.28
14.6
13.06
14.36
7.39
9.78
6.55
8.93
6.69
12.27
6.43
12.47
12.13
5.52
14.71
8.98
5.63
5.23
5.05
11.22
5.22
5.67
14.61
5.53
12.83
14.78
7.93
6.58
12.19
6.24
9.2
8.71
8.42
11.06
9.59
5.66
6.48
6.52
8.84
5.26
6.3
14.04
14.34
7.82
14.57
6.58
11.66
14.88
14.23
13.85
14.91
14.67
9.59
5.85
5.32
6.35
11.21
12.42
13.56
9.6
5.44
6.4
11.38
10.47
11.14
9.68
7.63
5.82
5.82
7.32
7.41
8.55
7.65
6.71
14.82
12.35
8.47
6.08
14.31
5.29
9.99
13.6
9.75
13.01
6.33
9.47
9.02
12.93
6.43
12.48
6.81
14.87
12.89
7.72
5.54
9.31
14.99
9.29
6.04
13.76
5.69
12.87
11.64
12.32
12.23
10.28
12.66
7.52
7.18
5.23
6.64
14.36
6.92
7.34
10.16
10.58
6.18
8.59
11.41
6.87
9.68
8.91
13.22
8.6
13.82
8.77
11.66
14.61
5.54
6.65
8.07
5
13.03
8.28
8.62
13
14.19
7.21
7.26
14.35
13.09
12.48
12.8
9.14
14.7
8.85
8.59
6.9
12.07
9.7
8.91
7.93
6.62
10.13
5.89
14.23
10.68
10.19
11.8
10.94
9.93
11.53
7.06
11.46
12.4
14.66
8.12
12.27
9.66
7.94
6.9
6.44
7.92
12.17
12.29
14.75
6.77
12.43
8.44
11.66
8.84
12.59
9.93
6.93
12.26
11.22
9
8.67
11.9
7.17
10.36
8.11
8.39
13.08
8.08
6.79
13.56
11.61
13.09
8.49
14.77
5.48
14.76
11.61
7.92
10.2
13.65
14.28
7.92
9.51
5.4
14.2
7.22
9.04
10.73
14.89
9.77
12.86
12.69
8.39
9.38
9.68
8.41
7.38
8.62
5.59
10.66
12.73
9.66
10.84
6.77
9.8
11.09
7.2
14.41
13.29
11.92
6.73
11.79
6.71
10.34
5.1
11.99
9.49
8.27
7.46
6.62
11.17
14.89
14.77
5.51
14.77
14.06
13.49
14.04
5.6
9.1
12.86
6.4
10.53
9.12
8.6
7.22
14.87
12.98
9.62
8.65
7.6
10.56
8.46
13.14
5.38
10.78
7.32
7.45
9.51
8.5
11.73
14.35
11.74
12.03
6.18
5.42
6.17
10.95
10.1
14.55
12.91
12.75
8.61
6.85
8.13
6.35
8.76
7.62
14.25
13.04
7.96
12.59
8.85
12.31
9.23
10.65
6.15
12.73
12.67
11.72
8.52
11.55
12.05
14.3
13.84
7.4
10.38
8.56
5.47
7.65
9.93
12
10.95
5.16
6.93
7.44
12.09
7.77
5.37
11.53
9.05
9.43
7.94
8.35
9.28
13.79
14.16
14.41
11.79
14.92
8.44
6.6
5.19
11.31
13.78
14.72
7.6
7.39
10.64
6.19
8.36
6.27
6.74
14.62
7.87
11.14
13.19
10.48
5.91
5.58
14.82
10.95
9.33
7.58
11.7
9.56
7.22
9.32
9.29
8.39
14.74
9.93
13.16
12.37
10.37
14.2
9.41
12.13
8.66
11.17
7.22
11.48
8.34
12.04
9.12
13.63
11.85
10.92
10.22
5.47
8.78
7.56
14.35
6.89
8.04
6.96
5.53
13.63
10.87
10.44
14.01
13.91
8.17
8.29
14.02
12.01
14.97
5.36
14.7
9.5
5.3
9.31
12.14
6.45
7.54
10.15
5.6
9.38
5.74
9.21
13.39
13.71
11.91
8.82
9.09
14.68
13.39
14.55
11.68
10.19
13.18
9.07
13.63
12.88
11.98
9.21
13
11.49
8.25
5.85
6.58
10.52
9.63
9.61
14.5
12.18
7.8
12.71
14.56
10.09
13.88
10.1
11.47
5.97
6.71
10.9
8.84
14.05
8.81
6.91
13.84
9.06
12.08
5.42
8.02
10.53
7.59
7.06
9.94
8.75
6.23
9.13
13.41
5.1
12.57
5.02
11.66
5.1
7.38
12.16
6.28
7.38
12.66
14.16
13.57
13.1
13.46
9.03
5.42
13.52
10.53
9.73
14.61
5.16
6.09
13.58
9.43
11.03
10.76
5.95
6.84
11.49
9.71
11.92
8.82
5.31
10.21
10.46
9.43
10.54
9.87
5.53
6.72
5.74
10.19
7.09
10.15
12.77
12.79
14.79
7.35
13.04
13.94
12.21
11.49
9.39
7.32
8.2
10.17
12.52
12.64
6.09
14.93
8.55
7.11
5.99
8.84
5.41
6.68
6.81
10.58
7.18
14.67
8.14
13.43
6.66
13.43
7.54
5.2
13.88
6.24
9.89
14.33
12.59
10.71
12.83
10.16
11.33
6.33
8.11
9.02
5.03
13.22
12.72
11.55
6.74
12.8
14.02
13.68
9.27
8.52
9.88
7.7
5.72
10.98
14.6
5.62
14.25
9.14
14.36
10.8
13.66
11.2
13.4
10.69
12.55
6.47
10.58
5.96
9.16
8.02
13.32
12.32
6.88
8.44
12.82
14.18
14.2
12.16
10.49
5.91
9.78
6.56
6.11
6.66
9.55
9.74
13.68
8.03
12.28
11.54
11.43
8.55
10.27
7.48
13.96
9.02
11.55
6.1
7.72
7.26
13.54
5.95
12.13
10.05
6.62
14.47
5.04
11.43
7.53
8.64
12.62
10.15
13.26
13.22
12.42
13.93
9.49
7.01
12.89
11.87
9.79
6.47
11.49
7.02
14.4
7.47
5.32
6.84
9.4
5.44
8.6
12.19
6.68
12.05
6.9
6.47
10.79
11.97
10.89
7.16
10.47
5.78
13.24
14.39
6.14
11.78
6.56
5.54
10.24
14.63
6.03
13.67
14.39
12.02
5
8.72
8.81
5.27
10.38
9.76
7.18
6.39
12
8.34
10.72
11.92
6.51
8.93
12.98
11.24
14.01
5.98
14.75
5.24
6.76
5.92
10.01
13.53
14.88
13.19
7.57
7.34
9.87
11.55
12.72
5.66
11.38
10.18
13.35
6.75
10.88
6.83
13.98
13.44
11.64
6.01
12.48
7.9
13.86
8.78
14.79
5.09
8.63
13.73
11.65
7.8
14.11
7.08
7.01
10.75
13.54
8.58
10.1
8.38
5.94
10.65
14.43
6.93
5.77
6.67
8.02
9.58
10.77
6.18
14.59
13.78
9.2
12.11
10.11
14.92
10.1
9.4
14.71
9.13
10.76
6.13
12.97
6.41
6.52
8.22
8.44
10.24
12.09
13.71
7.64
14.67
14.27
5.76
11.19
14.45
13.87
8.39
9.61
11.89
13.83
12.58
11.05
12.77
9.64
11.58
13.85
12.45
13.16
9.83
5.47
12.55
12.74
6.03
9.91
13.27
10.45
14.05
12.26
7.9
5.53
14.14
6.62
7.57
6.72
10.71
13
8.99
7.66
14.88
7.95
6.08
5.3
12.72
9.63
11.1
10.46
14.98
7.88
9.57
7.31
8.71
6.7
5.2
14.47
7.66
9.24
7.32
5.35
5.67
5.52
6.3
11.59
12.29
7.88
8.56
5.44
11.51
11.18
9.1
11.79
8.73
10
13.27
12.06
14.27
9.28
7.3
9.83
6.87
14.51
11.09
14.08
6.87
9.3
11.06
6.22
11.33
6.99
7.92
6.04
9.63
9.8
11.28
12.09
8.72
11.85
5.46
11.11
10.62
13.62
12.46
6.24
9.76
13.64
13.4
9.99
10.92
14.16
10.88
14.8
14.62
8.68
6.75
12.51
14.34
9.48
14.33
9.29
8
11.28
9.3
14.46
8.49
6.65
5.3
7.27
9.78
14.37
13.03
13.49
9.21
14.64
5.37
6.15
13.88
10.75
14.21
6.47
7.92
11.27
7.83
6.74
5.52
10.84
8.93
6.06
14.46
11.14
7.38
10.74
14.18
7.29
9.73
10.09
9.43
7.82
6.26
10.4
5.08
11.84
13.82
5.58
12.69
11.5
13.64
11.42
14.56
13.86
6.12
8.17
7.93
14.32
6.02
7.76
6.38
12.43
11.25
14.16
6.54
9.79
12.11
12.49
9.66
14.35
8.76
6.84
14.53
14.38
5.59
6.33
5.26
11.67
10.72
5.28
14.07
12.43
14.37
6.02
12.76
5.76
6.1
7.04
5.15
12.53
8.59
7.68
7.55
11.14
6.05
12.72
11.28
9.08
13.99
10.29
5.89
9.01
8.67
10.7
14.34
12.58
11.82
7.79
9.56
6
10.03
13.72
12.24
9.09
5.65
11.24
13.95
13.24
14.01
9.03
10.79
8.92
9.87
12.61
10.81
13.39
5.16
8.14
13.62
8.87
9.79
8.79
12.64
7.78
13.74
10.95
8.74
10.68
8.83
11.75
7.39
13.26
11.2
14.24
8.62
9.69
7.82
8.15
11.13
13.29
8.16
6.88
8.35
9.98
12.73
6.26
11.8
10.5
12.72
7.3
8.43
6.68
7.28
6.27
5.8
8.58
10.65
7.06
9.84
7.22
11.17
12.75
5.15
13.13
14.48
11.94
8.67
5.67
5.19
13.41
6.03
10.74
5.55
6.07
5.77
10.99
5.42
12.96
13.19
13.12
5.06
8.84
9
6.33
7.48
5.49
12.52
12.38
7.12
11.93
9.3
12.64
6.87
10.46
13.45
10.26
11.39
11.55
11.88
8.3
6
12.19
7.26
14.46
8
14.44
7.66
8.5
14.89
11.49
5.35
10.88
7.33
6.87
6.51
12.95
5.41
13.03
10.43
10.8
10.37
9.73
6.83
6.03
7.62
5.91
7.06
7.35
13.96
8.89
12.21
9.17
7.34
13.86
5.61
7.38
7.93
13.03
7.29
8.48
8.19
11.96
13.06
13.77
5.22
9.56
13.76
10.58
9.2
13.43
13.47
11.78
14.54
11.28
12.6
13.57
5.42
8.26
7.12
10.92
8.76
7.08
5.52
6.06
13.99
13.28
8.65
6.79
8.14
8.82
8.05
11.85
10.85
10.5
10.76
8.66
11.05
14.02
11.26
12.21
13.67
7.13
7.04
7.98
12.13
8.76
8.45
6.3
10.94
7.73
7.07
14.93
11.57
7.27
9.31
14.14
8.47
9
8.04
12.89
8.58
12.42
9.57
11.78
9.57
10.67
12.62
12.03
10.63
13.36
11.87
10.86
5.02
14.7
9.75
10.13
13.13
6.36
7.73
13.82
7.78
13.25
7.9
8.84
8.03
10.45
10.77
12.58
11.25
7.16
6.24
7.32
14.98
10.09
14.32
9.74
7.31
6.07
5.68
11.25
12.2
5.64
5.74
12.66
10.23
9.24
8.91
7.4
7.68
14.05
5.44
9.75
10.94
10.61
10.26
6.92
10.89
12.47
5.9
12.73
7.48
11.77
12.28
5.43
14.11
10.48
7.22
9.68
8.6
9.99
11.8
6.13
11.27
13.43
8.14
11.62
13.17
11
11.15
7.77
14.09
10.88
14.72
10.26
12.64
13.65
7.16
9.73
9.65
13.47
9.67
5.45
8.78
11.27
6.76
9.77
5.11
12.88
10.55
10.49
11.07
7.67
6.46
14.5
5.64
7.77
10.38
10.65
6.36
12.18
12.68
12.94
8.54
12.24
5.23
8.29
14.97
13.23
7.79
9.74
7.45
11.25
10.12
13.72
5.58
7.59
12.15
5.52
6.44
10.71
8.01
13.6
9.26
8.76
10.38
10.11
8.76
14.33
5.67
9.22
8.85
5.2
14.17
11.56
7.01
5.54
12.51
14.66
10.38
10.93
10.72
10.11
9.12
9.1
6.41
6.89
6.64
5.82
9.16
13.49
7.27
7.48
6.84
14.59
5.26
9.9
6.45
6.3
10.16
12.02
7.14
5.69
9.08
7.84
7.63
5.41
13.04
12.95
6.69
11.68
14.7
13.62
9.76
13.88
12.39
5.3
6.49
11.16
14.73
8.87
6.53
14.27
10.53
6.12
10.28
10.46
8.6
7.54
10.7
10.53
6.08
13.29
10.93
10.1
8.69
12.26
13.72
9.69
14.29
10.72
7.88
13.91
7.27
12.12
10.01
6.67
5.16
13.63
13.41
6.79
11.07
6.93
12.8
14.49
7.59
12.87
12.05
10.26
5.08
8.88
11.67
12.35
9.11
11.79
13.96
8.31
11.67
9.61
14.82
13.13
10.37
14.69
11.33
12.34
8.12
9.23
14.93
6.79
12.24
8.14
8.32
5.8
12.5
5.87
14.78
7.82
8.84
11.41
13.73
10.23
12.6
13.67
14.2
14.02
5.73
8.5
6.67
9.03
5.28
8.88
6.29
12.02
9.05
10.38
6.56
13.86
12
9.19
14.15
14.02
12.51
5.34
7.38
5.85
11.42
5.41
8.91
9.89
12.93
5.52
12.45
9.9
9.32
8.97
7.13
6.02
10.92
10.01
6.26
13.59
12.87
11.44
8.01
11.66
6.85
8
14.42
7.54
10.1
13.84
6.25
8.86
8.24
13.27
13.56
10.85
13.66
9.3
6.33
11.84
8.66
10.44
12.31
8.34
13.15
11.72
10.16
7.04
9.7
10.46
7.15
10.58
5.54
14.74
10.32
6.8
5.36
14.45
11.92
5.95
14.25
11.26
10.72
8.99
6.52
6.76
9.57
5.64
8.32
14.92
10.06
5.72
11.06
10.61
11.55
8.27
6.17
6.9
11.91
14.55
7.2
14.58
13.26
11.33
10.59
12.49
10.95
5.07
13.45
14.72
9.59
7.68
5.52
10.09
6.16
13.26
8.62
6.33
14.99
6.14
14.15
12.89
7.96
7.2
6.53
10.44
10
12.41
9.11
10.86
13.38
10.91
5.76
7.54
14.21
11.38
6.25
8.42
5.55
8.81
12.16
14.56
5.06
14.83
11.22
13.48
13.72
11.2
5.05
7.28
12.25
11.26
9.61
9.5
9.2
12.82
13.15
14.04
12.99
8.74
14.2
11.24
6.79
5.7
8.93
14.09
12.83
8.48
11.23
13.07
6.11
14.78
14.89
6.68
7.7
11.44
8.91
12.51
11.98
5.73
11.13
8.47
7.5
5.69
11.73
5.85
12.5
8.68
7.27
5.95
5.25
8.85
9.52
13.22
9.19
9.69
9.09
14.57
14.25
12.87
5.42
10.54
9.13
6.77
9.89
14.24
7.51
14.99
9.87
10.24
5.4
13.21
11.33
11.83
10.01
10.43
11.16
13.77
9.41
10.78
14.51
11.17
8.73
5.84
12.56
5.77
8.45
11.23
10.42
12.26
10.54
7.39
12.11
7.24
14.39
11.19
8.72
7.92
5.38
12.25
8.03
8
13.74
10.08
11.87
13.09
5.59
5.75
13.04
10.99
10.24
13.94
7.85
8.57
5.01
7.5
8.9
5.72
7.11
14.39
5.86
12.85
8.35
6.24
6.47
9.01
14.32
6.02
12.02
13.73
7.02
14.42
14.78
8.25
12.14
13.62
11.05
14.6
6.48
8.52
10.52
8.22
13.06
12.62
10.63
14.79
10.1
11.61
14.56
12.37
8.85
13.59
6.29
11.73
11.43
11.64
8.78
12.42
8.1
7.34
7.05
14.42
13.17
14.89
12.87
6.88
9.42
8.97
11.52
12.76
12.43
7.38
14.93
8.54
7.78
10.16
11.7
14.86
14.9
13.36
12.68
11.48
9.38
10.06
7.15
8.72
13.27
9.74
6
12.75
12
9.27
13.17
14.24
10.03
10.41
12.23
12.76
5.34
12.73
13.44
7.6
13.55
10.64
14.17
9.37
6.97
11.7
14.07
12.37
6.76
10.63
11.54
8.68
8.48
7.4
12.06
10.98
10.73
6.27
5.66
5.85
10.01
11.51
12.11
7.55
13.8
6.3
11.36
5.56
13.34
12.87
6.87
14.41
8.22
12.52
13.48
13.49
7.24
7.88
7.73
13.91
5.29
13.48
13.69
12.03
10.98
12.03
12.48
14.21
7.98
7.54
10.02
8.08
11.45
5.41
6.15
5.59
13.75
8
6.17
9.11
11.78
7.67
11.2
10.36
12.49
5.43
8.32
9.62
9.45
9.22
5.48
11.44
7.6
8.54
12.93
5.91
11.93
14.14
11.54
14.24
8.73
13.28
13.47
5.07
11.13
10.23
6.52
6.62
7.79
14.41
9.97
7.24
10.57
9.22
9.79
12.83
6.39
12.71
13.09
11.46
12.25
11.9
7.42
9.62
7.14
12.14
13.59
11.92
5.17
14.39
8.8
13.57
12.9
10.25
10.18
7.63
12.28
10.49
10.4
10.12
14.98
12.44
13.46
7.01
14.46
14.5
10.78
12.36
14.21
5.3
5.9
10.2
11.39
12.27
13.45
14.81
12.19
9.64
5.92
5.52
12.22
6.75
5.05
7.54
14.75
6.79
10.12
7.92
12.27
10.27
6.53
7.48
12.14
12.77
14.56
7.63
11.47
13.27
10.83
7.03
11.34
13.71
10.69
5.1
13.51
13.6
13.28
8.38
13.72
6.12
7.52
9.23
6.37
12.3
5.47
10.28
5.44
8.79
8.56
14.51
5.64
14.3
6.74
5.4
6.53
8.86
14.18
13.59
5.53
7.28
13.47
5.86
12.1
12.3
13.41
8.23
7.69
9.73
6.51
10.59
7.97
11.55
12.04
7.48
11.46
12.41
6.58
6.78
8.79
11.68
9.33
11.47
11.6
13.84
12.29
8.86
9.33
8.6
12.62
5.39
10.59
5.23
13.76
7.96
9.73
6.01
14.97
10.45
8.43
10.81
7.27
13.13
5.43
8.49
14.43
7.94
9.76
5.85
11.11
6.8
10.99
9.39
12.59
6.53
5.6
10.39
8.73
12.14
12.49
12.44
11.33
5.8
7.42
10.2
10.74
7.78
10.02
6.68
13.93
11.53
7.36
7.84
9.85
11.97
8.96
7.92
7.94
14.32
5.7
14.01
14.29
6.82
12.03
5.69
12.32
7.15
6.36
9.42
10.76
6.26
7.51
13.52
10.32
14.01
8.12
8.03
5.37
6.42
14.1
11.29
8.98
5.37
10.72
7
14.27
6.36
9.84
14.48
9.51
5.48
6.45
6.02
14.26
8.87
5.84
8.23
10.13
13.52
14.42
5.68
11.51
9.25
12.98
14.8
10.91
9.13
9.56
8.51
14.42
14.18
5.96
12.22
11.03
12.2
14.85
10.76
11.06
14.92
11.17
7.91
5.73
10.81
12.06
12.37
10.27
5.32
5.74
10.92
10.59
10.97
9.05
5.62
12.92
14.7
6.37
9.33
10.61
10.61
5.41
5.26
6.36
7.14
12
5.32
11.69
14.24
7.36
8.24
10.91
8.89
14.83
5.87
11.26
9.73
11.4
12.2
5.9
13.41
5.14
11.75
9.83
6.96
6.5
13.42
5.47
11.95
7.14
14.36
9.22
8.97
8.54
8.69
14.73
14.1
13.16
12.29
6.17
6.33
5.47
10.1
6.87
13.89
11.94
8.98
6.23
13.46
13.96
13.29
12.65
14.31
6.68
7.66
11.94
11.85
12.19
14.85
13.33
13.38
12.11
10.49
9.24
11.24
8.29
12.14
6.02
12.59
5.68
6.12
10
12.99
11.87
9.98
9.76
5.33
7.15
13.37
7.65
5.96
8.41
11.27
14.33
13.4
9.26
10.84
13.96
13.85
12.88
13.86
14.89
5.72
12.43
10.81
5.98
11.57
6.05
11.91
5.19
8.63
12.88
6.62
10.06
6.41
11.3
6.29
6.23
6.75
12.73
7.41
12.96
6.85
14.43
12.29
5.92
9.35
12.38
7.65
9.32
11.18
9.84
6.99
8.79
14.78
12.55
13.45
7.86
7.98
10.77
14.82
5.18
13.09
5.95
5.48
11.01
9.28
14.15
13.44
10.68
13.82
14.37
7.93
10.24
12.56
13.25
13.56
14.78
14.93
12.17
13.35
9.12
8.98
12.46
13.02
10.68
9.75
8.81
7.78
8.32
14.07
11.58
7.45
8.3
13.71
8.59
9.57
13.37
13.57
10.87
8.97
7.48
10.53
10.17
7.23
7.52
13.42
12.7
10.46
5.36
10.7
14.38
10.5
9.82
6.16
14.93
14.77
6.68
14.42
12.34
8.22
5.5
5.67
7.61
9.75
13.54
11.01
14.72
10.45
11.95
6.7
10.18
5.16
5.57
7.11
10.26
12.26
8.03
8.31
14.85
13.42
13.84
7.01
9.29
5.41
13.68
7.98
12
7.19
10.05
12.47
8.26
12.54
12.52
7.98
9.88
9.42
5.86
13.78
12.62
5.7
5.88
5.81
10.99
6.93
10.14
14.1
7.37
13.22
8.27
7.59
11.76
11.27
11.08
10.33
6.1
10.67
6.54
6.92
12.88
6.78
14.13
14.08
13.24
7.06
6.73
6.04
7.96
9.63
5.96
9.73
8.87
10.57
5.01
8.04
10.42
9.98
11.99
13.99
9.38
5.65
9.6
13.81
7.07
6.87
7.53
7.73
7.37
13.04
13.26
5.03
10.68
9.13
14.72
7.9
11.32
8.01
14.35
13.37
12.72
8.07
11.79
11.78
7.66
11.98
5.07
5.72
13.7
8.51
13.46
10.99
11.88
5.49
7.38
6.47
14.14
12.72
11.63
6.68
10.34
12.13
9.26
8.89
7.48
12.6
7.6
10.16
8.53
8.11
12.15
14.5
8.43
9.02
12.76
6.93
10.7
6.39
11.3
14.82
14.67
11.01
12.08
9.73
5.87
6.81
7.03
7.32
13.21
10.36
7.02
9.41
9.95
12.34
12.79
14.96
7.9
8.86
7.84
5.59
6.9
5.68
12.73
10.59
14.16
13.32
8.88
5.83
14.21
13.43
13.84
10.24
12.91
12.7
6.32
10.09
9.2
6.56
9.98
14.54
5.21
12.38
11.96
6.05
12.16
7.37
7.84
11.05
9.73
11.73
7.66
13.76
9.71
7.23
9.24
5.29
13.46
11.43
12.35
5.38
8.04
5.38
13
11.4
7.64
11.57
9.17
5.72
14.43
8.85
11.02
8.45
11.5
14.46
14.49
9.71
14.3
13.86
6.91
5.72
14.4
8.58
6.48
14.13
14.93
8.2
5.27
10.54
11.86
10.73
13.44
6.8
7.65
14.6
6.76
5.73
14.83
10.87
7.28
5.49
5.76
6.62
6.11
10.92
10
5.52
13.32
5.73
10.22
5.66
12.15
14.44
5.6
10.05
11.28
5.71
13.72
12.42
12.79
8.58
7.2
7.75
6.15
10.37
7.46
12.93
9.41
8.99
7.8
7.34
8.8
12.13
9.09
13.68
7.61
10.58
13.23
10.4
5.52
6.29
10.39
5.16
8.04
6.67
12.82
13.1
10.68
10.98
13.18
14.37
8.66
9.15
9.07
5.35
8.47
9.08
9.39
12.12
7.6
11.32
9.09
6.27
12.31
11.89
9.36
8.09
6.49
9.8
13.63
14.26
5.34
12.86
12.73
11.41
9.14
14.46
11.31
11.37
7.19
8.22
9.87
5.15
7.62
7.21
7.45
6.81
9.77
8.25
5.95
13.62
7.3
14.33
6.54
14.53
12.98
14.25
12.45
14.55
7.3
12.64
9.62
14.26
10.18
10.9
10.48
6.33
14.06
9.08
5.06
6.3
13.31
7.57
14.1
9.82
6
5.69
8.17
10.93
7.91
5.46
10.82
7.68
11.85
10.54
5.01
8.59
10.46
11.16
10.31
11.75
11.26
10
9.05
14.67
12.15
13.36
12.7
9.56
5.35
8.99
9.28
9.36
8.28
13.7
9.08
13.32
10.92
13.71
8.98
10.47
14.02
14.04
11.09
6.85
12.16
12.26
10.56
13.89
7.14
7.52
7.78
10.12
9
6.4
12.27
7.24
14.43
14.28
12.51
6.66
13.01
12.4
5.62
8.9
8.34
8.87
12.59
8.49
8.15
13.88
13.03
7.92
14.46
8.99
7.49
12.75
6.32
10.38
10.76
13.29
7.49
5.67
8.63
14.2
9.07
11.48
10.87
5.13
14.54
10.47
11.11
14.78
14.74
6.23
7.93
10.54
12.46
12.2
8.68
8.06
8.01
14.81
6.58
5.16
10.49
10.24
10.15
10.74
8.13
10.38
6.56
7.92
11.39
8.59
12.36
7.12
14.59
11.17
6.46
14.03
9.66
14.86
12.06
6.6
5.4
9.01
5.07
9.46
13.99
10.71
5.91
12.93
6.11
5.43
10.51
12.94
5.96
9.96
9.81
7.47
10.95
5.44
11.56
7.7
12.74
10.22
10.67
5.88
14
13.22
7.32
5.92
11.08
7.6
11.79
7.55
10.51
10.58
7.78
10.54
6.88
6.16
12.52
9.69
5.4
11.8
12.99
13.73
5.66
12.65
8.2
10.52
13.2
7.02
10.26
8.35
11.12
8
7.92
5.08
9.74
14.83
7.7
8.26
9.76
6.27
12.36
9.47
8.41
12.9
12.25
14.14
6.81
6.63
7.23
14.15
11.6
7.78
13.9
9.89
12.34
13.75
8.35
7.87
11.63
6.14
10.66
12.08
11.13
8.35
11.17
13.35
7.15
6.57
14.29
13.31
12.43
11.09
14.3
9.5
7.91
5.4
8.5
5.89
13.96
6.19
10.07
13.35
12.96
13.47
10.78
5.37
5.02
14.39
9.08
7.55
12.38
12.16
13.48
10.43
9.46
14.32
14.45
10.98
9.67
7.76
14.14
11.13
9.72
7.78
14.54
6.45
11.45
5.93
7.47
5.08
5.4
10.06
13
12.25
5.96
6.82
12.01
11
8.77
13.69
10.61
14.79
11.19
5.56
13.83
11.84
14.78
5.37
6.17
9.21
8.91
9.36
11.58
7.9
9.3
11.53
13.9
12.85
13.59
6.44
6.02
11.52
13.54
12.8
9.61
8.24
9.13
10.5
13.2
14.69
14.77
12.94
7.66
13.2
6.86
8.99
7.36
7.12
11.3
13.06
8.4
5.66
10.42
10.55
9.96
11.21
7.03
6.17
6.59
11.83
9
11.65
8.39
8.22
7.03
9.27
12.29
10.87
13.74
10.16
13.25
12.61
5.57
9.52
9.48
14.63
10.65
7.24
5.41
9.4
8.05
8.05
12.37
10.31
14.94
11.03
14.63
10.12
12.88
9.52
13.44
6.02
5.61
12.08
7.54
5.97
8.8
9.67
9.28
14.31
9.32
6.93
12.81
6.07
6.49
9.4
7.02
14.2