4.62
7.23
1.96
7.13
3.12
9.74
0.11
6.5
6.35
0.65
1.13
7.77
2
9.12
4.72
9.17
3.97
7.77
8.86
6.94
1.88
3.23
6.68
5.77
0.25
5.84
2.78
1.15
3.21
9.25
8.16
8.33
4.21
1.84
5.5
6.6
0.34
6.59
7.24
6.17
4.36
8.1
6.11
5.16
2.5
3.67
6.54
4.36
1.16
4.11
8.42
0.17
8.02
1.57
2.24
9.6
8.61
2.02
7.88
5.61
1.89
2.57
1.02
4.96
5.86
6.15
0.78
0.66
1.59
9.28
3.06
0.65
2.32
9.06
7.96
9.62
3.24
4.45
6.66
8.57
3.03
1.86
6.09
3.8
8.29
3
7.72
1.18
1.4
2.11
7.85
4.89
6.55
0.2
4.92
7.14
6.51
0.94
2.6
1.22
1.99
8.92
7.55
1.81
0.03
3.04
7.54
3.2
1.21
1.8
2.14
2.86
7.19
4.09
3.3
4.39
0.07
7.75
1.7
4.88
8.93
3.72
8.29
3.44
8.41
8.6
2.17
3.22
9.25
7.57
8.5
5.93
9.1
9.86
2.85
5.28
2.77
7.59
4.84
8.71
6.14
1.82
6.07
9.61
7.03
9.31
8.81
1.23
4.86
4.88
3.85
4.08
7.67
0.18
9.2
0.21
5.76
6.39
8.8
9.81
6.95
3.42
4.25
9.94
1.2
5.31
1.8
9.22
2.7
3.67
2.69
3.19
4.66
3.17
9.58
7.95
9.47
0.47
4.93
9.06
3.19
3.13
9.02
0.11
2.47
8.7
5.77
6.41
0.78
5.73
4.75
2.62
4.85
2.92
6.8
8.94
0.7
4.9
3.3
5.27
7.08
6.41
7.87
4.91
5.61
9.06
3.4
4.66
0.47
4.04
8.3
0.47
8.05
5.18
4.33
6
2.89
0.61
4.1
3.52
6.09
7.49
4.68
2
5
7.49
7.91
2.76
2.36
1.26
8.73
8.69
6.42
4.4
3.62
1.99
4.2
5.91
9.19
1.21
4.56
3.67
4.18
4.61
9.5
4.83
6.99
8.7
4.03
1.06
6.8
7.56
2.07
5.53
5.97
6.83
2.9
8.68
3.09
5.65
1.83
4.16
2.37
0.37
3.72
1.32
6.57
1.75
1.95
4.96
2.73
0.52
1.25
8.62
0.2
2.55
0.1
2.19
0.83
1.99
0.24
6.47
2.2
1.21
5.7
2.09
7.25
3.09
9.83
9.3
3.4
8.23
9.91
8.68
5.23
4.41
0.04
7.04
0.05
6.98
1.94
0.12
6.86
4.24
5.04
7.74
0.33
0.41
9.96
9.59
8.63
2.61
8.09
0.67
7.72
1.05
8.69
1.74
6.47
7.93
6.09
8.35
2.77
8.9
7.81
0.73
7.89
0.58
4.97
6.57
9.26
6.97
0.94
3.34
5.57
9.88
6.29
1.41
1.52
5.8
8.32
9.6
5.32
9.67
9.41
4.2
1.98
3.66
2.4
8.28
1.13
2.07
3.03
5.98
0.71
9.78
2.71
1
4.85
2.64
2.07
2.25
2.46
4.56
2.84
4.82
2.46
3.04
8.01
7.91
8.26
8.95
4.42
0.71
7.15
0.05
5.65
2.8
1.18
8.38
0.5
0.06
6.78
2.84
2.08
0.03
1.88
9.71
5.31
7.07
2.7
5.43
2.17
1.85
0.78
8.27
3.72
4.05
8.56
7.78
6.3
7.34
5.25
2.76
3.45
3.34
0.81
9.3
0.93
2.98
6.66
7.95
7.4
6.81
3.82
6.07
0.05
4.12
6.31
9.46
6.25
6.8
2.16
6.95
2.31
9.69
4.02
1.77
4.1
4.09
0.3
1.26
0.67
9.47
0.47
1.32
6.79
4.73
6.86
8.2
6.36
1.59
4.21
3.95
7.84
5.54
6.86
2.41
1.7
4.48
0.4
4.31
9.56
6.16
7.99
7.89
7.24
8.28
4.24
0.52
4.2
9.87
2.83
0.4
9.6
7.59
1.76
0.97
8.41
0.29
7.28
1.54
9.3
4.53
8.61
8.85
9.24
1.09
1.11
8.38
3.23
5
7.46
0.15
0.63
7.03
7.4
2.81
1.09
4.52
1.72
2.88
8.22
0.31
6.19
1.14
1.22
8.08
5.71
2.6
2.89
9.56
6.58
1.76
8.4
6.55
7.47
8.1
6.08
2.17
6.74
7.72
3.83
8.97
9.09
9.12
5.36
2.85
0.42
9.71
0.5
8.78
1.98
0.79
1.3
8.12
8.95
8.83
0.02
6.59
3.14
7.67
9.56
1.94
2.69
2.56
7.13
7.26
2.17
7.21
6.23
2.86
3.51
4.6
6.6
6.22
7.28
4.31
9.51
3.24
9.75
1.93
1.92
3.88
10
0.1
7.76
6.91
5.95
3.23
5.64
3.69
3.98
2.77
5.38
7.11
0.31
4.01
7.9
8.93
9.56
6.04
3.98
0.17
0.52
0.91
8.38
8.81
9.52
4.35
9.99
5.33
1.02
0.52
0.32
4.75
7.54
9.5
8.19
7.17
9.79
2.2
7.08
6.83
1.87
7.4
2.36
7.3
4.44
3.59
7.54
4.26
4.26
8
5.1
4.54
4.05
0.13
7.02
6.96
6.7
7.1
7.57
7.18
6.58
8.55
0.76
3.91
2.21
9.32
4.84
6.47
0.49
8.14
9.88
9.07
6.37
3.86
7.21
2.63
3.31
9.14
1.68
3.16
6.39
0.37
3.93
3.46
3.87
9.44
4.08
0.86
1.91
8.69
0.97
1.46
8.56
2.2
6.48
1.89
7.01
1.73
1.11
9.8
6.75
9.7
0.74
7.38
5.54
9.01
8.29
7.86
5.26
8
0.1
9.77
3.08
4.2
4.31
3.19
9.21
8.3
5.47
4.92
6.54
3.91
3.87
7.77
4.88
6.42
4.83
4.94
7.41
9.11
5.97
7.25
7.97
4.53
6.54
3.4
2.15
4.87
3.73
5.19
5.35
9.22
3.56
7.16
2.42
3.94
8.66
4.61
2.09
8.47
8.73
7.99
8.68
6.57
9.91
3.17
1.44
0.79
7.66
3.37
4.29
7.95
2.59
4.47
7.25
4.82
5.74
0.49
6.61
1.72
1.35
6.58
2.6
5.03
1.93
5.99
8.86
8.12
4.52
9.91
1.41
4.41
8.55
1.26
5.12
0.38
6.15
4.48
0.7
2.64
3.21
9.95
3.6
3.7
6.8
3.98
4.26
1.38
9.79
6.54
5.46
7.78
4.97
6.42
6.41
4.97
0.64
7.5
5.15
6.02
7.04
9.47
4.01
4.66
0.93
1.8
5.34
7.49
1.37
3.8
9.49
8.22
8.55
5.52
8.36
3.94
4.75
9.17
8.69
2.08
1.15
9.47
8.68
4.38
6.66
9.53
2.83
7.88
2.52
0.3
8.61
7.63
9.3
3.79
9.85
6.05
0.09
7.86
2.9
3.39
6.55
8.47
7.13
9.58
4.65
4.76
3.28
7.04
7.87
9.76
9.89
0.18
0.98
6.48
2.99
2.02
9.3
0.27
9.69
8.58
8.35
2.89
0.82
8.78
3.75
6.13
7.34
9.67
8.16
6.08
5.34
8.98
6.01
6.55
2.75
9.35
9.16
7.74
9
4.57
9.26
9.39
3.54
0.29
5.49
9.92
0.72
9.69
8.08
9.32
1.43
7.1
0.66
1.73
9.32
1.96
0.87
2.72
2.62
6.14
0.8
8.07
8.2
9.14
0.64
2.41
9
3.13
4.58
5.95
6.31
0.33
9.55
5.69
1.1
2.5
9.18
0.86
3.08
6.34
3.6
4.51
6.48
4.56
8.62
4.86
5.55
6.35
4.7
7.19
4.15
2.65
0.55
6.83
4.79
5.16
1.87
3.2
9.36
2.7
9.79
0.75
9.28
1.66
2.25
7.97
1.39
0.78
9.49
5.11
7.07
3.97
5.47
7.68
0.21
2.43
0.82
5.6
1.64
7.29
8.1
5
6.63
1.97
4.81
4.63
7.81
1.24
8.04
1.71
0.62
6.36
8.11
0.81
3.73
9.83
0.71
6.94
2.66
4.95
6.63
7.32
2.31
6.87
7.86
2.97
8.63
0.08
3.56
0.82
0.38
6.05
8.68
0.43
2.73
5.58
9.89
4.43
2.36
4.8
9.48
6.7
0.33
2.12
9.57
5.01
9.36
0.03
8.21
9.98
1.92
0.29
5.58
4.02
6.94
0.59
2.62
6.45
3.49
9.08
9.85
5.17
1.75
8.44
6.28
0.33
7.59
8.6
4.15
4.21
3.97
4.47
7.8
9.61
3.6
5.13
0.74
7.53
4.88
9.24
9.31
0.75
6.59
2.07
6.26
8.89
4.2
6.81
3.21
1.78
2.82
2.76
2.52
3.74
9.99
1.23
9.96
5.05
9.23
2.78
2.88
4.2
8.53
6.3
6.3
7.47
6.92
6.98
5.47
4.08
6.55
5.66
6.25
7.04
2.99
0.95
9.15
4.99
2.9
7.78
4.47
1.22
1.98
7.66
5.3
9.57
4.61
3.21
4.02
6.23
3.66
5.04
4.49
1.64
5.98
2.77
9.18
0.7
2.1
6.99
3.82
1.9
2.71
5.24
2.4
3.32
1.91
7.47
7.97
9.96
6.92
0.2
1.96
4.04
9.36
3.75
5.1
6.37
3.72
6.12
0.44
8.81
2.87
0.95
3.87
7.51
5.75
9.7
7.14
6.01
5.32
3.43
7.82
8.72
2.03
1.39
7.19
1.04
0.78
7.79
1.64
7.55
8.02
7.85
5.76
6
1.2
4.6
5.2
3.94
0.01
1.45
8.14
9.15
7.51
9.51
5.74
7.39
6.2
2.33
3.74
2.23
6.21
1.06
5.36
3.1
3.37
0.37
3.31
5.22
3.96
8.16
1.78
7.73
1.08
8.8
5.79
8.36
6.72
7.76
0.98
9.96
6.21
1.95
4.09
6.32
4.93
9.76
9.16
9.61
6.1
7.49
1.25
6.78
3.61
0.92
0.8
6.42
9.79
5.77
3.8
2.1
6.54
6.64
2.37
8.47
7.83
4.84
0.84
6.98
0.15
0.71
3.62
5.53
8.81
2.06
6.63
1.25
5.91
4.58
0.94
2.6
2.05
9.9
1.83
0.62
1.31
2.65
1.69
3.55
8.08
7.39
5.49
2.57
3.32
2.73
0.88
2.37
8.87
9.03
5.98
8.03
1.69
3.46
6.79
5.32
5.8
4.89
4.31
1.83
1.26
8.83
4.61
2.55
7.13
0.14
4.87
8.35
0.37
8.02
6.72
1.26
6.26
2.01
2.84
9.87
6.47
8.3
6.27
8.73
7.27
6.03
3.9
1.13
3.71
8.21
4.29
5.43
7.72
6.96
9.14
8.4
8.52
0.84
7.02
3.23
6.23
4.92
7.17
6.73
9.02
4.13
2.17
2.75
4.92
9
4.8
4.38
5.79
2.57
1.02
2.01
0.49
3.86
9.93
9.93
1.31
9.1
9.18
3.27
0.67
7.74
0.45
5.04
7.5
7.18
3.56
8.71
9.52
0.58
3.23
8.75
0.91
7.99
5.22
5.99
8.84
9.08
9.28
2.28
5.55
9.24
8.16
1.42
4.47
8.73
3.34
6.4
8.73
3.96
0.32
3.18
9.81
2.89
0.87
0.13
7.58
3.94
5.79
4.63
1.88
4.17
7.98
6.6
6.56
4.44
4.05
5.88
8.79
9.44
8.14
6.78
1.34
2.17
6.93
8.45
8.52
8.5
6.99
1.7
3.8
4.42
2.13
0.33
0.51
4.96
1.27
3.62
9.24
4.09
4.25
7.62
0.71
4.39
3.94
2.13
7.24
5.72
5.27
7.86
0.27
9.06
5.65
1.36
8.43
8.27
4.25
2.46
1.8
4.27
7.83
2.44
8.98
3.77
5.28
7.83
1.51
0.3
7.63
0.08
8.6
8.71
2.77
0.98
4.37
8.92
2.25
0.25
3.41
5.47
8.35
8.04
6.25
4.5
1.35
2.3
4.18
9.37
1.93
9.8
3.42
6.2
3.41
3.91
0.98
9.04
3.56
8.08
5.31
3.53
2.91
0.5
8.65
0.79
2.72
8.85
6.65
2.59
6.09
2.27
4.6
8.54
4.57
7.8
5.49
9.76
3.99
0.01
9.91
5.76
2.04
5.17
5.45
7.62
5.67
2.74
8.38
3.08
8.3
2.02
2.26
8.34
7.77
4.92
9.11
6.68
1.03
7.25
5.46
8.5
9.34
9.89
9.21
0.72
8.65
7.45
2.7
3.37
5.93
3.7
6.95
2.75
1.36
7.54
3.12
4.23
7.17
7.31
9.81
8.31
0.13
6.64
1.4
1.99
3.89
2.9
0.4
1.82
5.4
2.46
6.58
3.5
1.51
3.51
5.63
5
1.76
0.51
9.01
9.89
5.97
2.52
3.71
6.03
3.35
3.4
3.82
4.53
6.98
1.83
9.77
3.81
7.91
3.07
2.32
7.04
0.06
7.57
7.52
2.07
4.85
6.08
5.53
3.81
7.53
9.77
0.89
6.23
7.75
5.91
0.35
5.21
6.57
9.94
1.44
1.21