7.35
10.26
10.92
6.87
11.07
11.72
13.02
10.52
5.34
5.88
11.23
14.85
8.84
12.5
8.16
5.14
11.3
9.03
12.06
10.68
10.48
8.59
8.94
11.53
13.58
5.98
6.1
8.17
7.11
13.87
9.46
13.18
10.29
8.53
8.27
12.01
12.37
9.59
12.31
11.06
12.74
9.02
8.52
13.51
6.16
7.64
11.39
6.66
6.57
11.05
7.75
7.02
12.52
7.52
11.45
5.75
12.14
11.96
8.09
13.9
14.58
10.57
13.65
14.33
7.04
13.81
6.27
13.01
6.72
13.25
5.58
5.73
6.47
5.54
8.58
14.14
6.27
5.27
5.6
9.83
14.24
13.01
5.25
9.08
12.77
8.37
13.74
12.39
13.26
14.56
12.5
9.49
11.05
13.71
5.63
11.16
13.63
11.59
12.4
14.96
9.61
11.11
6.01
10.48
12.65
8.61
5.94
9.48
7.1
9.8
7.86
9.68
14.72
5.17
11.97
12.87
11.42
12.75
12.13
8.31
7.44
5.74
11.26
6.62
14.02
5.21
8.38
8.01
9.06
7.37
8.36
7.41
11.03
11.43
5.16
12.91
10.51
6.01
10.29
5.14
7.82
5.35
10.81
14.01
12.97
5.47
8.92
11.82
5.12
14.44
10.08
9.61
9.31
7.98
14.1
9.1
8.85
5.05
14.4
12.83
12.98
6.13
8.41
10.1
5.38
10.71
13.55
13.17
7.61
13.76
8.18
14.96
8.1
8.96
11.53
11.33
6.72
7.35
14.65
11.91
7.98
12.77
8.88
7.28
11.19
14.21
7.96
6.91
11
5.35
8.69
6.45
6.89
10.68
7.49
6.53
5.21
8.51
6.34
13.23
9.42
9.5
9.36
14.27
9.65
7.8
14.73
12.84
8.45
14.44
9.24
10.62
5.79
11.63
14.59
11.17
8.43
9.85
9.01
12.57
7.53
9.32
9.47
13.11
7
13.57
9.29
14
8.47
12.89
5.18
10.91
14.13
12.57
9.85
12.22
9.4
5.41
7.32
10.25
6.88
5.95
11.68
9.34
6.63
12.26
14.57
10.48
6.11
14.47
14.17
7.09
8.71
6.19
9.87
14.35
12.43
10.89
5.27
6.71
9.69
14.24
11.78
11.48
9.64
14.3
7.62
5.77
12.58
10.12
12.97
8.71
11.3
12.47
8.56
8.02
5.38
14.67
5.63
14.84
8.46
5.73
12.15
7.81
12.55
8.91
11.59
11.31
7.44
11.27
9.07
8.3
11.98
8.4
9.16
10.28
13.99
11.35
10.69
13.96
7.84
13.69
8.47
8.24
6.52
11.33
11.94
13.21
5.29
7.39
5.82
10.21
10.63
7.71
10.61
5.06
14.26
9.14
11.05
8.31
13.46
5.37
10.18
14.83
11.63
13.14
12.86
5.51
14.92
7.6
8.43
10.28
10.71
13.65
13.81
10.08
12.19
12.42
9.66
11.84
14.42
7.43
9.37
9.15
9.78
6.21
8.92
5.12
9.33
10.36
12.96
8.66
6.78
8.03
12.87
11.28
14.57
8.43
9.23
12.04
6.52
9.73
8.08
8.09
8.53
7.68
10.15
13.83
14.42
12.82
9.24
6.49
14.68
8.45
5.63
12.13
5.27
7.08
13.33
14.04
12.22
8.25
8.13
13.82
9.14
5.39
10.55
14.37
5.28
9.69
10.14
8.37
10.25
7.95
9.81
11.92
9.99
12.59
13.7
7.46
7.73
9.3
14
10.25
12.97
12.86
9.42
8.29
12.84
13.18
13.17
13.55
12.29
10.06
9.77
5.16
11.44
10.4
14.55
11.2
6.35
13.32
12.15
12
13.89
8.96
13.46
7.5
8.61
11.86
14.21
6.13
5.52
12.79
6.76
8.72
7.53
11.67
10.71
6.54
9.29
6.25
6.35
10.16
6.21
8.82
11.85
5.79
7.2
13.56
13.63
11.59
10.29
8.33
9.04
11.19
5.49
14.77
5.95
11.41
5.75
6.81
12.13
8.75
13.07
12.33
12.92
13.6
9.04
7.6
8.32
11.14
9.4
14.99
14.05
5.03
13.97
12.5
5.05
12.6
6.23
10.85
14.8
11.92
10.95
13.67
11.62
14.95
10.42
11.95
10.07
11.23
5.66
13.9
8.3
10.49
6.07
12.18
8.34
5.56
9.02
5.77
14.08
11.01
9.04
14.06
9.06
13.29
5.12
9.94
7.3
14.57
9.97
13.99
13.72
5.68
13.57
6.14
9.38
6.45
14.11
10.56
10.53
10.87
8.95
11.72
12.9
14.18
8.5
14.03
14.98
5.6
9.9
9.36
7.55
12.41
13.89
13.46
10.86
9.36
13.81
13.58
10.78
12.08
9.63
10.53
10.57
6.07
8.59
14.24
10.85
13.61
13.4
10.31
9.01
9.05
11.35
10.65
6.2
9.17
13.32
11.61
6.96
9.42
5.98
6.68
8.53
11.7
10.41
9.38
13.71
10.79
6.34
9.12
9.36
10.58
11.37
7.12
13.9
8.06
6.21
12.91
9.88
6.55
5.82
12.9
5.84
5.11
11.06
11.76
10.35
6.97
8.68
9.25
14.02
12.9
11.43
9.45
14.16
7.89
14.58
9.03
6.32
8.01
8.61
14.42
5.61
13.44
10.51
8.28
8.74
10.85
11.54
11.48
9.13
11.91
9.44
7.69
14.93
7.1
8.85
11.7
9.83
10.2
7.11
13.81
9.5
9.48
10.4
13.21
11.11
13.34
7.01
14.06
9.52
10.56
5.33
5.8
8.77
6.85
8.55
8.58
13.6
11.29
11.26
6.4
13.86
14.28
9.32
7.07
12.08
11.24
13.34
11.53
5.2
7.66
6.93
14.72
7.1
11.06
11.59
9.37
9.59
12.77
11.22
7.29
13.45
6.23
12.95
7.28
14.4
8.73
8.55
7.27
6.83
14.14
12.08
6.51
11.92
13.83
11.39
7.94
5.21
8.59
12.91
10.54
11.33
14.79
13.2
7.42
10.47
14.83
10.29
9.13
6.58
8.48
5.5
8.29
8.94
6.41
8.33
11.87
11.96
11.05
9.22
8.51
11.29
12.5
6.37
12.32
9.62
10.12
11.91
10.16
14.96
6.79
6.65
10.49
12.32
7.62
12.07
10.25
13.33
6.09
5.2
11.6
14.09
11.08
7.06
5.44
6.04
9.33
11.7
10.24
7.95
5.31
13.49
14
10.02
5.92
14.26
9.34
13.88
13.07
11.28
7.26
5.54
6.98
10.27
10.78
7.4
10.43
13.55
5.9
8
12.02
7.73
8.6
6.89
5.95
9.22
8.34
7.54
12.84
8.85
5.33
9.71
5.43
7.48
14.25
7.57
14.74
7.66
11.99
10.45
14.38
13.67
13.7
13.99
9.28
14.36
8.75
14.58
11.46
11.56
13.7
12.39
6.15
6.16
14.13
8.33
14.81
5.81
9.52
10.78
9.22
5.43
14.08
12.59
6.72
7.27
5.75
13.17
12.51
8.35
13.72
6.65
8.54
14.91
10.74
13.28
11.08
10.3
9.73
6.31
12.9
7.83
13.64
8.92
15
9.68
12.31
8.58
9.49
11.95
10.09
12.89
11.06
14.19
14.53
9.79
8.07
6.42
13.45
5.23
6.76
9.04
6.23
12.13
8.55
14.24
8.02
5.45
13.77
12.86
12.54
9.8
10.99
6.68
10.43
10.47
11.95
10.9
7.24
12.08
8.71
10.39
9.87
13.2
10.78
9.83
12.93
11.47
5.27
11.46
9.57
12.64
12.9
13.15
5.85
8.89
9.66
11.73
7.17
13.92
11.73
7.74
10.28
5.62
5.68
5.37
5.55
9.14
11.57
12.18
9.83
5.77
7.33
7.48
12.54
5.11
14.09
9.81
14.95
14.66
11.64
7.53
7.91
10.53
12.41
7.82
11.87
14.19
14.92
12.29
13.72
9.34
6.91
7.67
6.84
13.02
9.4
11.15
11.05
5.1
5.85
8.55
10.06
6.39
6.61
12.91
11.07
14.43
13.53
10.22
13.06
10.71
10.23
8.8
8.12
8.99
5.7
9.88
10.91
6.61
11.55
9.27
6.47
11.34
6.03
9.65
10.04
12.3
13.81
9.62
5.22
12.79
5.29
11.22
7.37
5.92
7.88
10.93
11.83
10.53
12.68
14.58
12.29
9.42
8.86
11.8
14.44
13.2
8.89
10.24
10.77
7.52
9.54
5.77
14.73
11.28
13.05
5
14.24
12.38
12.98
11.91
10.48
11.47
13.82
5.65
14.99
11.45
6.96
12.92
11.95
14.5
9.54
12.77
6.14
9.13
13.49
13.83
5.9
11.05
12.71
13.68
9.75
11.7
9.38
11.81
11.06
7.82
5.49
9.01
11.73
11.66
13.98
14.98
13.46
11.28
5.87
9.06
10.65
14.22
14.02
7.4
5.25
13.29
10.55
7.07
8.12
9.92
14.29
13.8
12.7
10.14
8.23
7.16
8.32
7.98
14.34
12.78
11.39
10.5
5.62
14.04
13.36
12.77
11.48
7.57
8.35
11.38
7.29
12.86
7.68
6.54
13.78
14.96
11.72
14.11
11.26
11.88
6.79
11.71
6.25
12.71
11.65
13.25
7.18
12.24
11.45
8.75
8.15
5.7
9.53
9.89
9.22
14.79
11.79
10.23
6.46
11.92
13.22
6.63
12.9
5.7
11.69
6.26
7.31
5.4
10.32
8.91
9.34
6.83
5.53
5.13
10.8
12.89
12.97
6.62
6.15
5.12
6.64
13.07
13.62
7.04
7.04
10.58
10.79
7.08
14
11.49
6.37
13.56
11.53
9.79
9.94
7.5
9.48
6.22
6.38
8.67
8.17
8.93
12.73
12.63
9.9
14.51
14.86
8.08
9.16
10.81
7.3
11.48
14.71
8.72
13.92
14.87
7.59
10.64
8.43
6.87
10.24
11.98
11.06
10.99
14.89
5.44
9.96
5.34
13.87
8.46
7.06
6.81
7.03
5.25
9.28
5.31
9.67
14.22
10.42
11.81
14.58
13.38
14.26
10.95
9.72
10.94
9.6
6.23
12.65
14.23
5.6
11.61
13.02
9.41
8.55
14.06
10.34
8.3
5.82
10.08
12.21
11.16
6.97
12.42
9.48
6.51
7.54
10.86
7.39
10.18
7.17
11.88
7.99
8.07
7.14
6.99
13.7
5.32
8.56
10.94
8.5
12.94
11.12
9.5
13.2
12.08
9.84
6.99
8.81
12.49
5.87
14.85
9.14
10.97
9.99
14.73
9.66
10.56
10.51
11.74
9.63
14.05
6.67
9.84
12.12
12.57
10.65
13.54
7.08
10.52
10.39
7.86
12.17
7.07
14.22
12.09
8.06
7.76
11.22
5.45
13.87
13.18
12.42
8.81
8.86
12.37
10.23
7.15
11.09
7.91
11.41
11.05
9.38
5.05
12.7
9.11
10.53