5.65
9.3
7.22
10.68
5.42
12.8
8.21
9.05
6.8
10.97
13.6
5.79
10.07
10.85
11.43
12.79
8.4
7.35
6.45
6.93
5.82
14.03
7.04
14.86
14.64
12.69
13.06
5.8
14.64
6.84
5.33
9.35
13.11
9.57
7.64
8.26
13.48
9.55
11.08
5.02
11.94
6.5
11.89
11.03
10.24
14.71
5.15
10.35
14.25
8.81
10.29
12.77
5.63
5.35
7.15
13.04
8.69
6.83
10.44
5.89
7.54
5.21
6.99
11.4
9.02
9.64
14.83
14.87
13.02
8.15
5.29
10.99
14.4
8.59
14
6.28
5.32
8.66
13.98
12.74
10.88
10.8
5.42
8.68
11.5
7.29
9.47
5.45
13.55
10.48
13.55
11.86
9.47
8.58
9.63
13.47
8.99
14.73
7.37
10.82
12.31
7.41
10.29
7.22
12.72
6.1
10.77
11.15
6.05
8.78
10.58
6.51
10.68
9.79
11.06
10.02
9.69
14.77
7.76
10.69
11.97
8.54
9.41
6.82
11.31
8.17
14.24
8.86
14.82
7.76
13.22
14.33
7.95
12.15
11.42
9.59
5.12
7.9
8.77
8.39
8.11
14.37
12.21
10.17
5.53
7.83
5.35
11.06
10.65
9.73
10.65
12.56
8.77
14.63
13.78
6.57
12.35
9.03
6.42
8.37
10.21
14.66
12.32
7.11
12.8
11.14
5.96
12.46
14.61
10.23
10.34
12.7
7.54
11.09
12.52
5.59
14.36
14.05
13.38
13.84
8.99
11.27
14.7
14.91
5.23
7.13
8.56
7.97
9.99
5.88
13.65
10.13
11.36
6.64
13.65
5.2
10.13
11.06
10.8
10.35
5.19
5.33
8.51
6.29
8.08
9.15
13.74
10.11
9.56
10.17
10.51
6.71
9.07
6.73
14.53
11.46
9.18
11.27
9.65
8.39
13.38
7.75
5.51
8.7
6.94
14.74
9.83
7.9
7.01
11.53
14.13
7.88
11.26
9.69
12.89
11.96
10.59
14.68
14.35
11.55
5.33
8.12
5.06
11.34
10.79
13.28
10.49
9.41
14.28
11.33
7.89
12.25
14.24
14.38
9.47
7.78
12.94
6.09
7.37
8.43
7.33
11.67
5.23
8.86
9.47
7.5
7.51
6.93
13.44
11.92
9.95
9.15
13.3
6.21
14.92
13.37
10.34
10.86
7.76
9.41
5.39
11.29
8.54
12.42
13.91
11
11.06
7.32
10.61
9.85
5.87
9.53
14.58
11.38
13.52
9.12
11.42
11.08
11.36
7.42
12.11
14.62
8.71
8.83
13.43
8.38
12.39
9.14
13.86
8.98
9.78
7.89
9.98
12.73
14.7
7.52
14.61
6.6
11.24
11.37
10.84
13.76
10.55
14.3
5.79
11.93
8.49
13.86
14.99
11.83
11.44
6.23
11.29
10.53
5.92
12.72
5.1
11.74
11.34
11.22
13.12
11.95
11.41
7.5
13.67
11.97
9.69
10.02
5.23
7.33
14.86
7.26
14.7
8.63
9.9
5.71
11.14
10.8
7.54
13.94
11.5
11.8
5.41
13
14.34
11.93
10.41
10.87
14.82
9.12
13.29
13.16
12.9
13.51
12.1
14.83
13.05
7.6
7.93
6.07
8.84
10.34
12.24
11.38
5.39
6.95
9.6
14.89
10.17
12.9
5.71
6.05
6.05
5.02
13.38
8.06
12.18
12.41
9.2
8.26
5.07
13.17
15
8.67
14.77
5.69
7.6
6.63
9.87
7.04
7.51
7.63
7.9
12.52
5.06
9.12
10.54
14.28
6.34
5.58
13.42
12.59
9.31
7.69
8.73
11.16
8.4
12.95
5.2
9.86
12.54
14.4
5.69
10.74
9.59
11.83
14.08
7.62
12.42
7.65
8.17
8.03
11.31
10.7
11.49
8.57
13.74
8.55
8.25
13.09
5.15
10.47
8.77
8.71
10.23
14.89
10.9
6.11
12.71
6.1
7.41
12.06
5.34
8.26
11.56
13.95
6.05
11.83
5.58
5.87
7.59
8.39
9.76
14.42
14.98
8.8
12.29
10.14
7.7
13.46
5.09
6.63
11.3
11.65
11.88
7.16
14.1
13.56
14.75
6.79
8.01
10.54
6.29
9.64
13.97
14.96
7.94
9.71
14.84
10.94
5.06
11.55
5.36
7.49
6.35
11.19
6.23
11.74
8.21
8.11
10.55
12.53
9.75
5.38
9.1
10.01
7.74
10.54
5.44
13.75
5.28
5.55
7.24
10.37
14.49
6.22
12.39
8.32
6.83
11.88
10.28
12.14
12.34
9.68
10.43
13.98
10.18
6.2
14.45
11.62
9.06
8.29
14.87
12.37
12.11
11.52
12.12
12.42
8.91
13.1
12.94
6.2
10.08
12.97
5.4
14.72
12.05
9.01
13.9
14.62
6.91
9.5
12.86
10.24
10.15
10.67
14.88
13.94
12.04
8.56
9.79
5.11
8.45
10.98
7.25
11.43
12.49
8.45
11.41
12.95
8.73
11.66
5.51
13.66
5.6
5.69
12.07
5.78
11.5
6.61
12.64
9.86
14.95
5.83
10.42
12.75
9.15
9.53
13.17
11.08
7.22
8.01
9.07
8.06
7.21
13.92
14.45
14.76
13.61
5.9
10.89
6.92
5.78
11.4
9.44
11.44
13.91
10.23
5.07
9.2
9.75
14.22
5.71
14.16
14.26
5.14
13.33
10.58
8.09
10.25
12.48
11.36
12.4
8.41
12.71
10.99
12.7
9.94
7.13
14.68
13.02
5.89
9.36
10.52
13.75
7.48
5.37
6.86
5.4
13.3
14.86
14.51
7.56
11.89
8.56
7.38
10.71
9.14
5.52
14.04
5.51
11.88
8.52
11.68
5.18
6.39
12.96
13.94
9.02
14.25
13.67
6.78
13.71
6.97
14.62
11.33
12.7
10.31
11.03
7.79
11.94
7.14
12.87
12.26
12.61
14.25
7.79
7.22
13.79
11.22
9.46
11.23
6.97
13.96
7.83
5.23
12.53
12.46
5.34
8.64
12.3
6.82
11.19
6.08
8.45
7.81
6.66
10.07
11.99
14.57
6.35
13.28
9.31
8.02
13.97
14.28
5.65
12.89
11.71
14.81
5.42
13.49
8.66
9.03
5.09
8.47
5.88
5.55
6.85
9.43
6.82
5.29
10.96
6.72
10.15
12.91
14.81
6.23
13.64
10.06
6.21
10.88
7.93
7.18
8.22
11.58
14.54
5.68
5.57
11.7
14.5
5.08
5.01
12.13
12.77
5.48
7.34
5.32
11.39
14.33
5.21
14.57
6.36
6.18
12.53
6.8
6.96
9.84
8.43
14.09
6.49
6.95
7.88
6.26
5.57
12.7
6.44
6.02
8.61
7.93
12.56
10.39
5.06
8.76
8.05
9.14
10.16
7.61
7.88
7.4
11.72
13.29
7.5
6.81
7.85
5.61
8.46
10.21
8.84
13.07
10.7
5.64
12.76
13.66
9.33
5.22
10.48
11.37
6.69
5.16
7.94
6.43
13.25
13.1
12.82
14.81
11.02
13.36
7.39
9.61
14.16
9.29
5.29
14.93
14.53
14.69
8.61
7.41
12.58
13.91
14.01
9.37
12.95
13.58
5.72
5.75
7.26
11.52
13.46
11.4
5.49
9.76
7.25
12.01
12.99
14.97
10.88
11.29
11.03
8.31
5.82
12.31
14.17
12.95
13.29
13.62
10.87
13.41
12.91
8.58
8.83
6.85
9.52
13.8
13.29
13.71
9.19
12.78
10.09
6.77
5.12
13.71
9.98
9.46
9.79
13.87
8.68
13.69
5.29
10.57
7.88
5.18
14.63
7.28
7.55
7.7
9.88
8.58
14.87
10.08
11.48
13.87
12.86
10.32
6.77
13.24
14.36
12.58
8.5
14.8
9.77
13.48
9.35
8.34
13.27
7.6
7.52
6.46
5.32
12.28
9.82
7.56
7.51
5.74
9.36
12.89
8.18
9.65
12.49
10.95
10.18
13.16
6.11
10.06
11.81
14.42
11.26
12.16
11.71
7.08
10.24
7.32
14.62
8.3
13.81
13.23
10.03
6.65
13.92
11.4
12.57
10.95
14.37
5.16
6.23
8.63
6.13
10.69
11.07
11.32
11.22
5.16
6.75
7.23
11.63
12.19
5.3
13.29
7
5.75
14.34
5.17
12.41
12.09
9.57
14.85
8.37
5.69
8.29
6.79
13.14
5.07
13.61
5.17
8.08
14.13
10.86
12.9
12.61
10.54
7.73
5.89
9.4
7
8.92
9.82
11.35
6.72
9.9
6.5
6.38
7.98
5.03
11.13
14.1
5.27
6.7
12.72
7.89
11.02
10.59
9.99
12.51
6.27
5.22
12.17
8.44
14.03
8.84
11.55
5.96
8.56
5.22
7.34
14.89
13.99
7.69
6.32
13.82
10.17
14.59
11.45
13.61
13.13
12.62
13.61
12.71
7.67
11.7
11.29
10.22
12.6
8.49
8.35
5.52
11.34
9.69
5.46
8.38
14.88
6.96
5.49
12.5
10.71
14.25
11.06
8.6
8.39
14.27
10.4
14.06
10.44
7.91
6.87
11.88
7.15
14.55
14.82
8.97
11.3
6.68
5.41
8.38
11.7
14.83
11.45
9.79
5.91
12.06
12.55
14.54
11.56
5.71
7.33
7.69
6.72
8.05
13.41
9.27
8.86
13.66
10.86
10.22
14.93
10.47
7.37
11.2
14.59
6.46
6.07
14.41
5.89
11.2
7.18
7.56
10.74
12.25
14.43
9.69
13.22
5.41
10.39
11.32
12.41
13.08
5.31
7.34
14.07
6.12
6.89
6.93
10.42
13.71
14.73
9
11.66
10.97
11
13.65
12.28
7.35
8.16
13.83
11.89
9.5
13.39
5.29
14.25
12.8
10.03
13.71
5.23
14.22
6.48
10.28
13.13
8.38
13.57
10.23
5.13
10.98
8.12
13.09
5.13
14.07
6.53
8.14
5.95
9.84
9.3
14.66
9.13
9.03
13.82
10.98
11.94
12.93
5.93
11.07
6.73
6.14
13.83
14.28
5.75
8.39
6.97
10.84
5.34
5.34
5.6
8.82
7.53
10.63
11.75
8.84
7.36
13.03
15
8.85
10.48
14.41
13.38
11.19
8.12
12.61
6.92
8.66
9.24
14.91
14.13
9.32
13.08
10.17
13.01
12.73
13.22
6.84
13.21
6.3
10.93
13.23
10.8
9.33
6.85
13.46
6.1
12.05
5.27
9.31
10.34
5.81
13.75
11.49
9.94
7.67
6.14
13.2
12.23
5.32
14.06
8.17
5.53
6.13
11.35
5.94
11.99
6.11
14.43
10.85
14.87
7.88
5.48
12.24
7.28
10.39
9.83
13.58
14.24
6.63
6.57
8.36
11.04
9.68
12.24
8.3
7.69
7.39
7.57
9.85
6.15
6.82
10.33
8.45
8.04
12.39
10.37
7.32
14.35
5.27
6.67
14.99
5.52
14.47
11.37
8.45
9.82
12.3
9.39
6.35
5.98
7.41
8.45
7.18
9.61
11.27
13.8
11.04
10.01
6.4
10.83
9.02
8.16
6.03
5.93
8.8
11.59
6.14
5.85
9.57
5.97
7.34
12.24
6.48
7.4
8.69
14.55
13.61
6.04
12.22
8.93
10.31
10.99
14
12.65
7.22
14.22
14.67
6.4
8.75
10.18
7.03
6.14
13.9
7.35
13.87
11.71
10.13
12.15
8.09
11.1
11.12
11.52
7.33
6.82
7.23
11.19
14.87
8.05
9.02
6.02
5.96
13.14
6.85
14.03
11.04
5.21
13.75
12.89
10.57
14.57
5.45
9.22
11.74
14.7
13.68
11.01
14.17
9.11
14.26
10.1
5.88
7.5
9.96
14.71
7.56
14.75
7.28
12.93
11.22
9.01
11.14
14.65
6.69
10.54
11.08
8.38
11.53
11.93
8.72
9.07
13.66
12
9.11
11.51
9.61
14.28
7.67
10.43
13.57
13.21
13.19
13.42
7.84
10.16
14.33
11.9
10.42
14.69
7.79
14.25
10.11
9.05
13.22
14.25
6.69
9.43
5.14
11.36
11.46
14.94
5.83
9.5
9.58
9.49
8.17
6.35
7.72
14.11
9.79
7.68
10.79
11.34
14.59
7.91
8.02
5.35
7.95
10.58
11.83
12.19
11.62
9.55
11.85
5.78
6.14
11.65
10.91
8.46
14.38
11.68
11.32
14.32
8.53
6.69
12.03
7.24
7.44
11.35
13.19
10.99
8.11
13.97
10.37
5.33
13.77
13.4
12.66
14.08
9.94
6.68
6.56
12.4
11.57
6.53
5.37
7.91
7.05
8.08
13.23
5.53
9.35
6.94
7.47
9.42
14.2
6.73
6.37
8.87
6.78
13.47
8.5
14.08
7.31
11.83
14.76
14.22
12
6.69
7.67
8.96
9.99
7.81
7.74
7.57
6.13
14.09
7.51
11.78
6.14
14.35
7.45
6.75
12.6
6.02
7.38
6.99
14.93
13.26
12.4
13.59
13.9
5.42
8.87
6.74
8.49
13.1
13.5
14.43
13.89
12.62
5.86
13.23
7.57
10.23
13.85
10.18
5.28
14.58
9.03
7.01
11.44
10.71
5.88
8.71
6.58
13.43
9.78
6.79
9.67
13.42
5.62
12.97
10.4
13.25
10.1
8.27
13.93
10.33
14.96
13.66
9.68
13.26
13.45
12.73
5.85
10.33
9.66
13.3
5.54
12.98
8.14
8.59
7.44
12.53
9.47
13.73
14.33
14.33
11.33
13.76
13.14
13.35
12.27
10.56
6.61
14.43
8.81
12.91
9.13
13.2
10.72
12.7
14.53
13.18
13.36
12.3
9.66
9.96
7.13
5.7
9.55
13.73
8.86
12.42
10.09
8.87
11.41
10.04
8.12
11.25
13.53
7.51
7.46
7.95
13.22
12.62
6.09
6.91
6.06
6.69
11.07
8.22
13.07
9.32
9.4
7.93
11.41
10.92
6.16
12.44
13.81
14.03
5.65
13.55
8.26
6.93
13.45
6.1
7.42
14.06
6.42
8.43
9.14
8.74
12.89
14.21
10.6
8.62
6.97
6.37
11.5
12.21
5.73
8.91
13.44
12.33
12.6
14.17
10.92
14.13
11.74
13.44
9.99
9.03
12.9
5.33
14.82
13.71
11.1
12.95
11.58
13.69
14.32
13.71
5.77
10.36
6.83
9.01
5.89
10.31
12.4
7.88
5.56
9.36
14.03
6.95
9.58
6.15
11.51
12.44
12.74
12.95
10.92
5.34
6.13
11.97
6.75
14.15
11.05
10.75
8.51
6.06
10.97
12.81
12.38
5.04
9.14
5.03
9.98
7.96
6.82
11.09
12.16
10.58
12.07
6.27
12.1
5.39
8.74
6.91
10.27
7.01
10.73
13.82
13.66
10.85
8.68
12.41
9.72
12.54
9.94
6.32
5.77
11.76
12.69
10.19
9.13
7.46
11.78
9.23
9.38
8.07
13.57
13.54
7.89
14.84
8.16
14.18
6.09
11.91
10.3
11.99
14.15
14.92
13.61
10.01
9.61
12.43
7.11
7.86
10.2
11.44
12
10.73
8.99
11.94
11.65
8.57
12.89
11
10.94
8.17
14.36
10.07
12.66
6.72
7.22
12.85
13.11
5.93
9.47
6.93
11.1
7.32
7.88
6.19
12.41
13.4
13.09
11.2
7.17
11.14
7.69
8.53
7.49
13.3
7.8
7.97
14.43
13.42
8.15
10.82
12.05
13.64
10.94
13.21
11.14
8.82
14.36
12.59
11.37
9.24
5.2
10.12
6.43
6.73
13.02
11.54
11.94
8.95
6.77
8.69
5.61
13.57
5.91
11.92
7.41
12.33
12.84
7.74
10.74
10.27
14.57
5.9
13.15
8.26
11.04
11.04
7.41
8.79
10.15
6.28
11.87
14.76
10.56
12.56
7.16
6.54
10.31
10.74
6.49
11.51
9.44
12.41
9.46
10.38
12.61
7.37
6.43
10.79
6.66
8.74
10.9
13.61
9.61
14.93
12.46
14.41
13.8
14.15
5.37
5.45
12.9
9.65
13.82
13.85
12.68
13.84
7.81
11.4
8.02
13.52
6.24
8.33
5.2
8.95
7.18
8.4
13.33
6.38
5.33
7.74
11.18
11.49
12.18
10.59
6.68
8.68
5.13
13.05
10.75
14.15
13.76
11.44
13.86
11.47
6.03
8.16
11.65
12.16
11.12
14.82
10.52
13.89
11.92
9.03
12.89
12.39
6.09
12.73
8.83
8.92
13.25
5.59
7.28
12.8
13.02
9.04
11.24
8.88
9.06
8.03
9.8
8.58
7.55
14.16
10.33
8.49
10.9
13.62
11.14
5.36
10.57
14.7
8.54
11.32
8.76
14.03
14.63
5.56
12.17
6.53
11.1
5.13
12.85
10.4
6.47
12.34
10.55
14.63
14.08
10.73
10.43
14.28
8.92
9.58
14
13.61
5.26
6.26
6.25
7.86
10
8.57
14.26
11.42
6.27
7.65
10
13.75
6.14
11.34
13.59
14.07
7.53
7.13
13.69
13.78
10.09
12.96
7.23
8.88
14.59
9.92
5.41
6.08
5.98
13.2
14.3
11.71
11.92
10.81
14.42
13.24
8.78
5.46
14.71
12.52
6.7
10.5
9.18
13.61
13.34
6.6
5.5
13.02
13.7
10.77
5.3
8.46
6.94
5.89
10.38
5.5
6.07
12.89
12.79
6.17
14.36
7.04
9.77
13.16
13.36
5.45
8.29
8.94
5.6
12.41
9.44
12.02
8.24
9.06
7.49
13.4
12.9
6.11
6.95
12.69
12.96
5.02
14.53
11.74
6
9.16
13.12
10.62
14.74
8.75
9.93
7.38
13.25
5.5
12.68
10.6
5.21
5.08
14.51
9.78
9.47
12.88
5.58
5.92
7.57
14.74
5.25
10.77
14.44
14.58
10.13
5.14
5.39
10.11
13.49
8.74
11.48
12.41
10.7
13.49
10.1
10.18
13.01
13.43
13.05
11.66
7.39
14.1
9.79
10.61
8.12
9.53
10.25
11.64
7.86
7.66
14.09
10.57
14.3
8.06
7.23
13.25
9.07
6.21
9.5
8.24
5.07
11.69
5.75
6.12
5.68
8.24
12.27
11.29
7.98
11.51
6.29
12.6
14.2
6
10.92
9.89
12.67
8.4
5.6
5.02
13.28
11.54
7.92
13.46
9.29
10.67
6.33
5.57
9.86
5.23
12.7
9.59
11.59
9.25
12.55
6.19
7.46
14.3
7.2
12.86
13.96
11.15
5.64
6.94
12.38
9.33
9.86
8.84
7.98
14.76
5.87
9.64
13.1
14.16
5.73
12.58
9.53
14.79
14.95
14.86
7.2
7.48
11.4
5.36
10.19
9.78
7.54
8.64
12.52
7.86
14.17
11.33
13.31
8.71
6.98
7.97
12.09
5.89
6.35
14.32
11.32
13.78
11.07
7.84
5.35
5.45
9.42
5.88
13.69
6.5
5.84
6.18
13.18
5.28
7.4
5.01
5.03
8.31
9.55
6.23
11.52
10.67
10.26
8.37
13.21
5.44
10.34
5.59
9.44
14.31
10.53
7.46
14.38
14.71
11.86
14.08
9.86
12.07
10.96
8.58
6.24
10.42
10.2
6.9
12.86
13.59
9.51
12.55
6.92
13.71
5.68
8.32
9.75
7.35
14.19
10.13
9.17
7.07
13.74
14.82
11.03
10.32
9.57
10.24
11.65
11.39
7.57
5.63
8.55
5.84
10.73
13.52
14.76
9.93
7
6.71
6.96
10.66
13.86
7.32
14.03
11.07
9.74
14.04
14.21
12.98
13.33
5.8
14.71
11.05
6.76
6.06
11.7
14.95
10.51
10.75
5.27
13.12
5.49
11.72
14.72
7.3
9.93
11.1
8.49
13.55
10.58
14.82
8.46
12.61
11.21
12.71
8.89
10.31
7.57
5.13
6.44
5.75
11.56
6.76
10.14
14.45
14.36
6.61
5.42
11.33
7.84
10.15
14.14
8.29
9.42
5.82
9.12
8.39
8.68
11.6
12.98
11.61
7.74
9.05
5.52
7.78
9.7
12.7
14.01
11.72
9.26
12.94
9.21
13.99
10.01
14.15
13.75
14.63
8.78
13.63
7.73
11.94
14.88
12.01
13.39
10.72
14.84
12.13
7.89
5.14
12.51
11.25
6.53
6.24
10.1
12.57
11.63
6.53
12.61
13.56
7.81
10.91
8.11
11.96
14.38
14.88
5.62
5.76
10.95
6.29
6.27
9.07
5.08
14.55
14.52
11.25
9.81
13.49
8.18
13.34
14.9
12.52
7.14
6.88
14.45
13.86
9.54
7.9
10.74
13.07
9.45
5.34
13.49
7.86
11.07
12.95
11.91
13.72
12.34
12.5
10.15
6.68
11.13
11.95
8.89
7.88
13.38
13.34
8.08
5.54
14.27
7.47
10.21
11.65
7.35
11.24
8.95
7.02
9.22
13.84
8.77
9.94
14.74
11.81
7.8
8.2
10.27
6.22
13.1
8.59
10.37
6.49
5.88
8.48
8.67
5.92
7.34
14.06
9.32
5.81
5.78
10.26
10.73
8.6
10.08
14.19
10.74
8.79
9.51
14.45
9.55
8.23
13.73
8.78
13.32
12.91
9.84
11.85
14.27
14.37
11.55
10.96
9.22
7.4
7.14
8.61
10.17
9.92
6.99
11.68
13.11
13.59
6.88
11.59
5.4
9.01
14.58
14.79
9.95
5.21
5.72
8.03
10.43
13.03
9.41
10.32
5.16
7.05
14.18
9.89
11.03
7.94
5.58
10.31
6.05
6.67
13.75
14.4
5.02
14.72
13.06
13.06
9.73
8.65
12.91
5.53
11.58
13.67
8.41
11.57
8.46
7.89
11.16
11.15
13.16
5.43
6.65
8.87
11.73
9.61
8.45
13.82
10.15
12.77
5.08
6.27
8.08
6.32
7.85
12.71
13.05
11.56
7.38
11.33
11.55
13.32
14.15
12.14
11.15
5.78
6.13
6.24
6.48
10.55
11.69
9.32
13.29
6.78
7.25
5.38
11.71
10.44
8.95
14.46
14.51
9.58
14.81
7.3
10.66
6.99
10.74
6.42
12.41
13.44
7.35
9.07
6.92
13.56
11.72
6.41
13.8
12.67
6.91
5.74
10.43
11.09
11.88
9.22
8.86
8.92
10.65
9.79
12.49
7.41
13.81
7.16
14.84
5.97
5.14
13.9
14.29
14.58
13.26
8.84
14.12
12.15
6.03
11.01
9.92
14.4
10.56
13.2
12
14.73
12.47
12.33
14.41
14.24
8.16
6.06
12.21
5.46
6.73
12.96
5.14
9.94
10.89
6.82
6.02
13.92
11.09
13.94
10.61
7.33
12.4
14.51
9.24
11.65
11.44
6.54
5.16
7.44
6.5
10.79
10.49
6.71
7.89
9.45
12.64
10.77
6.12
5.46
14.48
5.49
12.07
6.82
5.49
8.42
7.34
14.25
8.93
9.01
7.37
14.66
5.08
13.19
10.19
13.87
8.41
11.78
9.38
11.4
9.83
13.65
5.13
14.81
13.76
10.48
14.77
12.81
10.23
14.6
9.59
11.93
10.34
5.62
6.25
8.57
14.8
11.64
5.36
12.65
12.72
13.73
13.86
12.35
11
14.25
8.88
11.12
14.45
7.17
14.78
7.08
6.25
14.93
7.9
11.61
10.32
11.68
5.85
9.09
11.49
6.73
11.26
11.75
7.91
5.6
9.86
14.03
7.13
11.66
11.22
7.9
11.54
8.76
6.46
13.84
12.11
7.66
10.31
5.41
14.47
14.93
5.27
6.46
10.13
5.43
12.32
11.28
13.3
6.73
13.57
7.37
9.8
10.94
6.65
5.21
6.98
10.14
14.5
12.24
8.4
14.7
7.71
8.72
7.98
8.85
14.04
7.14
5.26
11.83
14.1
8.01
6.73
5.96
5.97
6.07
7.92
7.16
8.45
13.18
12.99
8.6
9.13
8.12
11.62
13.8
8.14
13.67
6.58
13.13
5.9
5.7
10.33
9.11
10.53
13.79
10.58
10.07
14.8
8.99
7.86
8.99
13.71
14.87
14.94
6.47
11.64
8.97
5.61
7.79
6.03
5.65
10.06
10.26
9.24
13.41
9.12
5.24
13.17
8.04
13.98
7.59
14.58
13.72
8.98
5.95
12.14
14.87
5.58
8.43
12.64
8.68
6.82
9.66
10.48
13.46
7.59
8.01
10.65
12.51
10.4
8.54
10.14
5.88
13.61
9.05
7.64
9.83
14.16
6.9
5.34
9.66
8.68
6.82
7.36
8.11
13.76
5.84
5.53
12.37
13.73
14.25
11.53
12.77
11.2
7.04
6.94
14.45
5.73
10.92
5.02
6.85
12.02
6.91
7.74
12.79
9.61
8.69
6.22
8.97
12.02
8.76
11.28
7.06
6.92
6.71
8.08
14.12
8.32
11.73
5.52
11.05
9.32
12.25
11.4
9.23
5.77
9.25
8.64
7.18
11.7
9.9
7.23
14.49
13.7
13.16
7.17
11.54
7.16
12.73
8.87
9.33
6.27
12.81
14.9
11.98
6.5
10.14
6.52
12.85
7.98
14.46
11.9
14.52
8.03
13.65
9.08
13.06
11.05
8.12
5.1
7.08
7.94
11.63
9.18
6.74
7.28
10.99
7.15
10.5
8.68
9.52
10.46
6.78
11.06
6.17
11.35
7.69
7.2
8.47
14.4
12.43
5.54
11.5
12.44
5.3
5.71
14.57
10.49
6.61
11.51
8.8
14.21
14.82
13.84
12.11
14.53
9.97
13.17
11.93
14.18
10.59
12.84
13.45
11.66
11.31
9.61
10.7
9.39
8.75
11.21
10.76
5.3
9.58
9.82
5.09
13.72
11.64
6.54
5.11
9.07
11.02
12.2
10.89
13.24
12.82
8.68
8.82
5.08
7.02
8.59
5.73
14.32
10.63
13.42
8.13
14.49
13.71
5.56
12.14
11.94
8.6
11.4
7.87
10.87
5.36
9.88
9.23
13.13
11.12
10.71
7.06
14.24
14.28
10.43
5.69
5.11
10.96
14.99
8.65
9.17
7.15
12.31
12.04
7.43
6.2
10.31
9.15
11.11
8.82
6.39
12.59
14.56
11.16
7.62
10.54
7.65
5.65
11.89
5.27
13.05
11.24
7.28
10.34
6.54
10.53
6.42
13.83
11.3
9.15
10.72
5.9
11.59
5.32
6
6.11
12.61
14.13
9.45
13.8
6.73
8.18
6.89
5.71
14.42
14.86
7.76
14.69
8.01
5.15
7.25
6.75
6.43
7.44
6.3
12.55
7.72
12.7
14.17
8.46
13.41
9
12.44
6.01
14.95
6.71
10.72
13.66
8.01
11.17
10
10.53
14.31
11.44
11.1
12.8
9.74
14.29
12.52
14.68
8.78
10.76
6.01
8.76
6.96
11.82
12.72
9.34
7.73
14.76
10.87
9.36
11.2
6.5
6.11
10.73
5.01
13.71
8.24
11.09
12.7
7.95
14.35
12.47
11.53
6.6
10.75
11.71
9.94
6.64
9.85
12.59
7.64
6.53
14.38
10.58
5.72
11.2
13.55
5.11
5.63
6.13
13.11
13.9
6.45
11.23
7.36
10.96
5.18
10.64
6.23
9.11
7.05
6.14
7.62
6.58
8.39
11.37
9.67
7.44
13.76
6.83
12.7
6.51
6.15
13.32
7.26
10.42
11.34
12.43
14.93
7.48
7.43
7.78
10.17
5.2
10.46
10.34
10.9
13.1
5.96
7.48
8.24
8.82
12.18
7.25
5.13
11.38
9.74
7.41
6.79
9.36
13.89
14.85
14.3
9.94
9.35
13.84
13.44
14.79
13.45
11.96
6.43
11.65
8.06
8.43
9.77
9.43
6.05
12.86
8.51
14.57
6.87
9.97
11.61
13.41
9.14
14.43
8.24
6.93
10.87
8.94
14.58
5.83
9.74
7.5
6.83
11.48
14.88
5.42
8.17
10.27
7.57
5.6
8.88
5.78
5.04
9.57
8.41
14.84
13.41
5.44
12.41
6.65
10.65
12.74
6.91
10.4
8.4
10.82
5.37
10.38
12.18
5.88
8.09
5.89
6.04
8.61
14.84
8.86
6.28
5.56
9.1
11.47
6.6
10.05
10.01
13.28
14.81
9.38
5.79
6.59
12.25
10.64
8.33
5.36
8.76
8.36
11.05
11.91
7.6
11.05
7.75
9.64
9.03
11.82
8.02
7.37
6.76
5.05
12.41
9.92
11.97
10.1
5.21
10.5
9.86
6.13
13.26
9.96
5.95
11.71
6.35
5.88
8.93
14.72
6.81
13.07
6.98
8.25
11.06
8.19
12.15
10.38
14.64
11.46
14.23
12.36
5.12
8.53
5.42
11.02
6.14
10.3
8.63
11.14
9.32
5.7
5.77
12.95
7.15
13.93
7.98
11.33
14.51
5.25
10.44
14.37
8.11
9.28
7.26
13.83
8.19
12.27
6.2
11.07
7.14
11.69
10.73
11.91
14.34
8.92
7.56
14.57
9.24
10.16
8.46
14.61
9.38
10.24
13.37
12.79
14.02
10.05
8.85
6.13
6.83
13.64
9.71
5.47
13.18
10.45
8.31
6.01
8.73
10.46
13.51
13.57
5.04
8.69
7.87
13.64
6.83
12.11
13.06
11.35
9.91
5.19
12.15
13.84
10.05
7.79
12.31
6.93
9.9
5.57
12.62
14.93
5.07
10.13
11.38
14.93
9.14
10.42
12.19
11.53
9.98
14.72
7.83
13.65
6.84
14.35
10.09
13.46
10.19
14.49
5.54
9.92
11.47
14.93
11.38
5.85
13.93
13.36
6.22
7.07
9.19
13.62
11.06
6.58
9.24
11.32
5.31
13.84
11.07
6.49
8.7
13
11.92
9.67
14
11.63
6.66
12.77
6.55
13.16
14.92
13.39
10.4
12.06
13.49
8.58
12.02
9.54
10.62
8.94
5.3
10.2
14.76
13.66
10.37
6.52
10.85
12.85
13.1
6.34
5.65
6.07
6.4
9.74
5.02
8.66
14.03
5.35
14.99
7.31
14.28
5.34
7.62
10
5.17
5.02
11.41
13.33
5.09
13.58
13.21
12.4
11.65
13.9
6.8
10.12
14.47
14.64
13.12
11.04
14.07
14.67
13.96
10.95
13.97
10.34
14.8
14.48
14.11
13.26
5.55
8.78
8.73
7.77
10.13
6.1
10.63
9.42
5.44
7.73
11.38
7.84
10.3
7.78
6.83
11.88
11.51
11.08
5.66
8.17
6.01
14.42
7.81
13.74
12.33
10.15
8.94
14.81
6.36
8.46
13.96
11.22
10.47
9.77
7.24
12.58
14.55
7.23
5.35
13.21
11.22
10.45
7.92
8.03
13.09
11.83
14.25
8.5
9.25
9.32
8.31
12.94
11.71
9.28
7.51
6.09
5.04
8.68
5.12
9.11
5.77
9.87
5.39
5.09
14.73
14.6
5.77
14.03
6.33
12.4
14.29
12.5
7.87
14.78
14.93
5.57
10.9
5.28
10.53
10.18
13.06
12.46
11.49
10.52
7.94
9.77
11.64
13.17
12.6
6.87
11.89
12.23
10.99
6.2
12.53
6.04
5.99
6.45
14.71
12.66
7.56
5.57
11.99
8.19
5.25
14.55
14.97
9.11
9.92
7.83
5.35
12.73
11.83
13.4
8.04
10.03
6.65
5.14
6.5
14.89
8.7
6.69
6.51
14.1
10.6
5.96
8.33
10.24
10.38
12.38
5.38
11.01
5.77
13.39
11.15
11.58
13.22
14.7
12.96
6.87
11.63
11.47
5.06
11.12
5.16
5.45
10.2
7.73
7.97
14.24
7.39
10.74
5.52
8.86
11.28
9.42
13.21
8.05
10.25
8.33
14.4
14.07
11.01
12.75
14.88
7.82
12.48
5.69
12.41
8.74
5.07
6.02
7.81
6.84
6.5
13.23
8.9
8.54
10.06
8.34
10.3
12.51
13.33
9.95
14.97
10.44
12.81
6.16
7.73
7.28
9.11
14
9.52
9.52
12.27
11.37
8.65
7.9
14.9
13.8
11.1
13.71
14.61
13.95
13.21
12.34
5.54
12.71
8.31
5.46
14.97
12.61
8.14
5.26
9.15
6.25
10.48
6.54
14.26
13.86
13.76
11.3
10.11
14.47
5.52
5.72
12.95
13.11
13.24
5.86
8.67
11.12
9.16
6.22
14.03
12.67
9.05
6.38
10.56
5.92
5.95
11.09
13.59
14.93
9.67
6.12
8
7.64
14.37
14.85
11.46
11.48
11.15
7.83
10.34
9.23
6.6
7.43
9.04
9.75
9.82
9.44
7.25
9.17
7.25
10.11
14.94
13.45
8.46
12.74
10.03
6.31
5.91
10.03
10.92
8.61
13.17
14.42
6.06
6.27
8.7
6.48
14.89
6.77
8.14
6.91
13.6
14.25
14.62
6.42
9.81
9.05
9.52
11.06
11.8
8.52
6.91
7.19
10.95
13.59
12.77
6.56
14.41
7.54
7.57
10.86
7.22
14.81
11.43
7.21
14.67
6.38
12.02
8.76
12.17
7.24
14.54
5.14
9.36
5.76
9.94
12.15
7.02
7.17
13.27
11.04
11.83
7.42
14.82
14.44
14.97
7.89
13.7
13.21
11.01
12.83
10.34
11.52
10.85
14.03
14.57
13.55
12.18
6.54
10.32
14.79
10.86
6.53
5.92
10.93
7.82
7.97
14.12
10.28
9.02
8.62
8.84
11.05
9.95
8.48
12.9
8.02
5.85
7.72
8.57
11.26
11.36
11.5
11.72
14.88
10.88
6.97
8.23
10.9
11.33
8.33
11.99
9.67
8.69
12.1
6.56
6.61
6.28
7.44
6.08
5.87
13.82
11.18
6
9.76
14.18
5.35
6.94
9.55
6.1
13.2
5.08
11.8
12.13
7.64
13.16
14.86
6.05
6.14
12.9
10.3
9.75
6.22
6.16
11.39
7.42
7.44
10.47
8.33
8.34
5.91
11.83
14.91
14.11
10.42
13.4
7.1
8.81
8.76
10.54
12.77
5.62
7.32
10.32
7.78
6.72
10.43
13.89
13.05
13.92
7.92
5.39
7.64
10.58
14.51
11.03
11.42
11.95
13.99
13.61
13.1
8.59
9.68
13.09
10.96
13.84
12.47
14.85
9.32
9.67
14.07
8.53
11.63
11.23
9.58
14.78
5.13
5.39
9.71
13.26
13.97
12.6
7.09
5.74
9.12
6.27
5.19
8.46
7.86
11.62
14.25
12.04
11.86
14.26
14.18
6.55
13.35
7.3
11.12
14.27
12.52
7.67
9.67
8.63
12.19
12.2
5.58
6.68
12.43
14.13
11.23
10.48
8.94
6.56
14.52
7.41
13.14
8.65
11.47
12.33
6.18
11.24
14.78
14.89
5.81
10
12.74
13.15
13.19
11.72
11.29
8.84
5.88
6.88
8.33
13.69
10.23
6.94
13.89
10.23
10.19
9.96
13.54
7.19
6.89
12.14
5.67
6.57
13.25
7.48
10.32
6.97
9.14
6.56
10.7
12.32
5.87
12.09
5.49
5.38
5.71
7.41
5.4
12.16
12.69
8.06
14.26
6.05
9.56
9.61
10.44
6.91
9.85
12.42
12.87
10.58
8.39
12.59
10.16
6.53
12.26
13.53
8.23
7.57
7.02
12.54
12.43
9.74
12.71
14.67
13.86
11.93
7.17
5.75
6.09
8.77
9.22
10.59
11.7
9.88
8.38
6.24
10.26
5.83
9.59
5.06
11.46
5.5
7.11
12.28
11.45
8.12
7.75
11.96
5.26
11.83
8.47
8.27
11.82
14.28
11.5
6.02
10.46
8.57
11.1
5.52
14.66
10.58
8.08
11.79
10.16
8.58
5.02
14.48
5.25
6.03
14.25
12.41
8.28
14.5
12.76
8.69
7.89
14.72
13.07
13.84
5.88
5.7
12.32
13.23
7.37
12.37
10.03
14.52
11.17
8.8
12.93
11.71
5.84
5.43
10.63
7.93
14.64
8.94
11.9
10.07
9.78
10.36
12.51
7.01
8.57
7.93
13
8.73
6.87
12.58
10.38
11.94
6.89
12.46
7.33
9.55
9.36
11.71
13.43
6.19
14.15
14.72
10.18
5.86
9.44
9.39
10.53
8.95
8.04
5.78
13.15
7.74
10.81
8.9
9.07
14.55
11.69
9.29
12.02
11.15
11.05
6.04
6.11
5.84
6.37
7.55
14.7
8.46
9.14
5.45
10.01
6.77
14.27
7.38
11.36
9.15
10.1
11.16
5.84
13.71
13.82
6.02
12.19
7.45
6
9.95
8.63
6.13
9.55
6
8.45
5.51
13.87
6.88
5.72
14.49
13.31
11.9
11.51
13.52
11.86
7.1
10.32
14.31
5.38
11.78
11.3
12.03
12.14
10.29
13.83
12.25
7.96
11.47
5.34
5.43
13.96
13.81
7.65
13.54
12.29
9.81
6.4
6.33
13.13
13.92
6.15
7.55
6.3
12.28
8.85
14.89
7.99
14.09
14.88
7.75
14.84
14.78
10.72
12.35
7.66
12.88
12.02
7.87
5.33
9.77
13.87
7.72
5.05
14.24
7.62
12.58
8.01
5.39
11.4
9.65
8.99
14.15
12.95
6.15
6.52
7.07
12.77
10.14
8.83
8.27
10.51
12.48
13.46
9.34
11.04
10.83
10.38
10.57
9.49
7.16
7.54
12.38
11.47
14.03
12.08
8.51
5.78
5.8
10.57
7.29
14.4
9.57
6.86
11.68
14.64
10.4
6.03
9.53
9.28
14.91
5.1
13.73
12.09
8.87
10.53
9.89
10.12
7.83
7.04
11.17
6.29
9.13
8.46
14.02
14.04
5.03
13.43
7.92
7.11
14.57
5.05
7.4
5.11
6.85
12.08
14.53
13.43
6.06
14.83
12.58
7.23
5.09
6.74
10.26
12.95
7.33
10.53
13.07
12.6
9.94
6.41
9.57
13.53
9.95
10.39
14.05
6.5
13.64
10.15
12.03
5.02
9.81
11.16
13.04
9.24
8.61
8.73
13.01
6.85
14.84
12.12
8.97
12.08
12.18
11.76
12.35
7.8
12.17
6.51
14.93
6.1
11.41
13.91
13.39
7.31
7.85
11.46
10.16
14.93
13.63
5.61
5.32
10.26
9.49
5.55
7.76
14.41
11.69
6.76
7.32
14.49
13.95
13.02
14.95
13.85
8.78
11.59
5.19
13.52
14.06
7.14
11.55
7.75
7.73
13.96
9.55
5.54
12.35
7.91
9.54
12.27
10.55
13.63
6.65
13.3
7.96
11.98
12.96
8.81
6.1
5.64
5.52
9.71
5.12
11.72
14.33
5.43
7.5
14.38
14.79
11.81
14.27
8.27
11
7.65
9
10.54
9.3
9.48
11.36
12.68
5.71
13.12
14.51
14.84
12.56
12.65
7.96
7.31
8.45
12.11
7.9
11.01
7.39
7.13
13.09
6.22
13.8
9.33
13.88
11.48
12.23
11.62
9.13
11.08
9.72
5.53
10.74
12.26
14.87
7.13
6.28
10.79
13.65
13.16
10.19
8.41
10.47
7.12
13.5
13.18
7.67
10.16
9.36
9.61
7.76
8.63
10.92
11.15
9.31
8.38
10.41
7.92
12.5
8.54
14.78
13.17
5.61
14.07
12.6
6.37
5.1
7.47
14.45
9.49
12.16
7.69
6.44
11.86
6.48
9.28
7.96
12.29
11.33
11.22
14.73
5.11
7.28
14.24
6.79
6.99
11.69
6.52
8.77
5.4
5.26
7.99
10.6
10.76
8.93
7.3
10.43
8.82
11.15
5.69
14.43
11.22
8.8
11.42
7.34
10.58
9.25
11.13
12.31
12.64
5.78
11.37
5.36
7.34
12.09
14.47
7.65
8.22
13.97
13.61
14.47
6.98
11.53
12.22
5.53
6.86
13.43
7.51
12.84
11.15
12.77
9.13
7.18
5.19
11.13
14.46
10.47
7.58
12.98
11.49
6.13
5.05
11.23
12.02
5.31
6.54
11.8
13.68
13.77
9.01
8.94
13.12
5.91
7.51
14.83
9.82
11.79
9.03
7.24
14.33
6.59
8.64
7.99
12.64
6.36
11.67
11.65
7.45
5.63
7.24
11.02
11.17
10.99
8.51
9.01
7.67
6.86
5.36
11.22
8.22
12.79
9.11
6.76
14.53
9.11
14.97
10.29
7.49
7.67
14.64
8.99
6.79
9.34
11.87
12.66
12.24
14.35
11.23
7.86
6.88
7.01
12.83
13.85
11.16
10.86
9.75
9.22
12.12
8.44
6.79
13.92
10.58
11.19
6.77
9.82
12.43
7.49
6.45
5.54
6.42
7.36
6.62
7.73
11.83
12.68
6.3
9.89
12.6
13.35
10.8
10.13
10.36
8.96
6.76
14.19
6.02
13
9.99
6.07
8.59
9.72
10.1
7.9
13.13
12.84
7.98
13.22
9.83
14.18
13.9
5.5
7.96
11.27
6.75
10.12
14.75
9.39
9.71
5.67
8.88
6.13
9.71
8.82
11.15
10.04
12.84
5.79
10.94
6.29
7.95
12.32
13.92
12.01
12.49
14.66
9.79
14.32
13.02
13.01
13.49
12.93
6.44
9.79
10.59
13.16
11.74
10.19
5.98
10.85
12.31
12.55
11.54
13.23
12.02
12.5
12.74
14.27
9.5
5.53
12.34
6.74
11.09
5.18
14.18
9.4
14.15
10.72
6.84
9.22
7.66
7.4
7.27
5.69
8.69
10.29
11.94
11.23
13.91
6.95
13.39
13.66
10.49
10.59
9.59
11.78
7.07
10.84
7.09
6.69
7.38
9.56
6.1
13.7
11
6.23
6.82
6.54
6.1
7.9
9.84
7.64
12.55
13.82
9.9
11.79
13.36
12.59
13.22
12.87
8.05
12.52
13.2
8.68
10.99
7.8
7.97
13.94
14.32
9.46
10.08
12.71
14.95
5.91
8.49
11.63
13.65
11.22
11.91
12.43
12.77
13.57
5.84
10.71
6.16
11.11
7.85
13.83
6.86
6.13
7.02
11.97
8.67
5.18
14.6
9.72
11.52
13.2
6.91
7.86
5.78
12.01
5.26
5.43
7.61
5.26
5.35
13.68
10.14
7.33
9.96
12.47
8.19
14.25
14.79
13.49
13.64
7.09
6.6
13.14
6.39
13.05
5.76
12.77
11.86
14.81
14.02
10
9.94
12.33
11.73
5.48
7.14
5.07
6.82
5.97
12.87
11.87
8.92
8.55
10.85
6.93
10.12
11.32
12.23
11.41
7.25
12.09
6.01
7.25
9.16
7.02
5.72
14.29
9.88
6.59
10.56
5.08
10.77
9.52
5.68
8.43
7.09
5.16
5.87
7.56
12.96
6.36
12.66
7.28
13.33
11.5
5.9
7.2
5.55
12.04
9.78
5.42
10.58
6.55
7.01
14.07
12.59
6.85
5.15
10.79
9.13
7.17
9.5
14.28
12.76
10.88
11.5
10.78
14.52
5.31
7.89
9.29
14.56
7.91
6.39
5.14
13.66
11.37
8.22
5.41
10.7
7.63
15
14.38
11.98
10.95
8.34
14.17
10.69
5.32
11.34
14.39
11.91
10.79
12.54
13.97
5.41
12.08
14
9.33
8.85
5.08
9.94
14.59
10.44
13.95
10.7
9.99
8.73
12.23
6.55
11.51
6.63
12.68
8.22
14.59
9.7
13.14
5.77
9.74
12.9
6.63
8.78
11.58
11.37
14.02
14.1
6.06
7.58
6.01
10.58
14.33
8.37
5.28
13.38
13.56
11.49
13.37
8.68
8.76
14.38
10.36
10.42
12.8
8.75
14.14
11.17
13.32
12.78
12.25
7.36
12.22
5.58
5.2
5.45
9.47
6.12
5.71
10.64
14.41
14.02
12.29
7.4
12.3
9.72
13.51
6.65
10.18
5.25
6.39
5.69
6.05
6.06
13.45
7.66
13.02
6.04
12.93
11.04
7.77
7.29
6.65
14.5
9.98
5.22
8.8
10.16
12.08
10.71
11.83
6.03
14.65
9.31
9.45
11.63
10.88
11.42
10.86
9.38
10.94
14.38
14.67
12.15
8.5
5.85
8.64
5.38
11.94
7.85
11.52
9.31
10.99
9.64
12.5
8.75
10.2
8.44
13.34
14.27
13
11.56
13.07
12.6
11.61
11.19
14.85
7.46
7.53
8.18
5.81
11.03
7.22
8.79
11.13
11.74
13.88
6.43
10.2
10.05
7.07
8.58
13.77
9.97
14.69
10.66
10.03
14.78
14.82
13.85
10.79
12.14
9.52
13.62
8.25
5.23
12.33
10.54
6.11
11.07
7.22
10.72
13.81
14.69
10.59
13.29
10.81
9.33
14.25
7.98
10.56
9.72
7.43
10.98
5.44
14.52
6.7
12.21
9.38
11.67
14.56
10.05
11.37
11.72
10.07
8.24
9.23
5.66
14.5
12.68
9.23
11.21
5.95
10.54
11.31
6.14
8.91
9.48
7.12
5.63
6.46
9
8.51
13.79
11.47
11.06
9.69
13.64
7.2
8.57
12.29
9.41
5.15
11.49
10.12
10.54
8.46
9.17
11.56
8.43
6.69
8.27
14.41
11.69
8.11
5.91
11.26
8.12
11.76
12.69
6.03
8.92
8.6
11.51
14.8
13.77
12.74
6.41
14.56
13.42
8.51
7.04
13.28
13.95
6.77
11.17
13.75
11.33
13.02
10.89
13.38
11.46
7.23
5.71
6.07
6.43
7.31
13.16
8.21
5.95
10.49
11.49
9.96
9.25
8.86
6.2
11.56
10.98
9.38
5.52
7.88
11.23
10.54
5.87
7.36
10.95
12.05
11.67
10.86
12.35
12.49
11.65
13.84
5.34
7.6
8.82
10.74
11.46
13.07
10.39
14.85
12.87
5.33
12.02
7.36
10.42
13.84
6.03
6.77
6.15
12.7
13.05
7.25
10.91
12.06
8.33
8.81
6.74
9.29
13.94
5.47
8.95
5.06
8.72
12.78
7.23
10.82
11.28
10.81
6.11
11.38
12.48
14.36
8.62
6.48
12.67
13.95
13.29
14.84
12.01
14.14
10.59
11.19
10.81
8.15
12.78
9.85
9.17
9.06
8.28
14.25
12.75
6.09
7.21
11.89
9.08
12.41
5.79
7.03
9.87
11.28
9.98
5.13
8.23
8.68
11.29
9.29
8.14
9.03
5.21
9.19
5.85
13.24
12.69
6.16
12.42
12.04
13.47
6.92
11.02
7.77
9.42
12.22
7.61
10.16
11.06
7.05
5.4
7.19
7.1
12.03
14.08
10.38
10.88
8.36
8.87
8.9
5.3
10.17
9.7
8.85
13.64
11.66
8.49
13.97
13.86
14.84
9.22
13.08
7.41
7.73
8.29
6.37
11.94
13.67
6.4
7.4
6.24
10.86
6.84
14.03
6.72
6.61
13.45
8.54
10.9
9.83
8.61
13.21
10.7
9.85
14.32
13.73
5.79
10.17
6.15
7.18
7.45
11.48
5.93
11.65
14
9.94
6.62
11.81
11.72
11.13
13.89
13.63
9.48
8.54
13.18
13.58
10.59
5.75
8.15
11.47
5.52
6.99
6.53
9.05
12.3
7.55
8.33
6.04
12.38
5.68
8.43
14.44
9.82
9.83
7.77
5.9
7.23
10.15
14.27
5.92
13.35
11.79
8.13
10.1
9.77
10.3
14.78
8.05
12.95
11.76
5.78
8.28
11.48
14.47
13.95
10.75
13.08
9.51
10.39
5.29
8.24
7.01
6.4
10.12
7.86
11.25
10.63
14.44
5.1
7.02
5.59
7.76
7.87
5.83
13.52
12.4
12.48
8.22
6.29
13.85
9.11
12.7
11.6
13.16
9.7
11.13
7.91
8.43
7.18
11.08
11.04
13.96
11.64
6.76
11.93
12.15
5.25
5
13.56
7.52
10.79
13.81
13.87
11.03
8.25
14.12
8.57
5.71
14.97
11.08
9.37
14.2
8.26
12.73
5.87
13.13
6.77
9.55
12.13
12.43
5.43
10.19
13.4
14.37
11.19
14.72
10.13
5.02
14.1
11.65
9.8
13.85
12.14
12.67
7.58
8.08
11.89
11.29
14.64
10.95
8.65
14.39
7.21
12.36
6.78
13.94
12.05
13.76
14.06
5.53
11.66
11.47
8.18
7
10.74
12.4
6.26
10.38
6.3
12.63
13.49
8.6
6.04
12.81
12.62
8.99
5.87
12.76
12.93
5.98
9.89
8.93
12.41
5.51
12.48
7.57
12.35
9.25
9.45
5.74
10.47
11.57
13.66
9.6
12.3
10.68
9.49
8.62
7.17
7.38
13.11
14.25
13.48
5.01
6.89
8.37
5.74
9.07
12.97
5.48
11.55
7.14
14.76
8.99
10.72
10.52
12.75
11.65
9.9
7.61
14.36
11.57
14.34
10.11
12.02
9.38
13.38
5.07
6.13
14.16
9.38
6.91
14.07
6.43
11.85
5.47
14.7
9.4
5.14
7.47
6.53
14.64
9.21
9.85
6.68
10.24
9.81
13.88
5.83
11.43
6.92
10.56
6.48
8.51
12.32
14.71
13.98
7.59
6.18
7.03
7.86
9.18
9.77
9.18
10.92
12.05
6.98
9.73
8.54
9.13
9.13
7.33
7.43
9.55
11.85
7.88
9.13
12.27
9.6
11.68
11.04
12.89
5.13
5.15
10.98
14.4
9.4
14.74
11.65
14.23
7.23
14.01
6.83
13.62
13.72
9.02
12.74
12.67
11.36
14.47
9.35
13.94
10.6
10.57
8.97
11.95
10.09
10.67
6.91
5.87
13.61
14.83
7.37
5.81
11.73
10.33
7.99
10.33
14.08
10.03
13.71
14.14
6.94
12.14
9.1
7.39
14.02
9.53
12.19
6.98
10.43
9.59
13.15
14.34
8.71
9.5
6.6
13.59
6.27
9.05
5.98
8.13
13.86
8.52
10.09
9.56
7.2
13.33
6.13
11.62
5.25
10.98
11.2
11.15
11.31
6.91
5.91
7.98
5.01
7.87
7.72
5.34
14.86
11.53
14.84
8.46
14.19
8.94
7.83
12.53
10.39
5.3
12.32
6.03
7.58
13.42
13.2
6.33
14.79
10.23
8.62
11.8
8.44
10.99
14.82
8.44
9.57
6.67
8.34
12.58
14.96
7.79
7.26
11.84
14.29
12.36
6.66
13.41
6.29
9.73
14.33
10.03
12.84
10.76
14.99
5.05
11.25
11.29
11.44
11.59
5.61
9.22
8.83
9.12
8.7
11.15
9.51
9.19
7.03
7.56
11.73
8.27
6.73
10.54
9.72
10.33
7.67
9.24
6.36
6.01
13.99
10.32
11.22
12.65
13.05
10.9
13.53
13.74
8.64
8.39
10.81
5.56
9.56
8.17
7
7.76
13.79
7.55
7.84
11.03
7.02
10.54
7.67
11.31
11.73
10.16
13.85
8.28
5.27
6.52
6.91
7.2
13.6
5.2
8.33
9.3
13.74
11.6
8.87
6.06
9.58
10.61
11.47
5.94
11.6
7.48
5.28
13.82
13.15
5.55
7.84
14.98
8.32
12.1
8.56
11.72
8.61
13.6
8.4
14.93
14.25
10.26
9.31
7.79
7
7.37
8.72
13.68
10.59
11.45
14.43
8.82
7.35
8.19
6.08
7.9
11.62
7.41
6.87
8.76
12.5
10.95
12.29
9.69
9.91
6.38
5.7
7.38
10.77
10.54
5.67
10.05
5.79
13.07
11.78
9.75
12.97
7.97
9.4
12.44
12.01
8.72
8.07
8.45
14.17
5.12
14.11
7.86
11.88
6.84
5.95
7.48
11.14
6.74
9.58
11.45
10.7
6.76
7.15
14.87
10.38
12.12
12.44
14.55
9.48
12.25
12.07
6.57
12.77
14.08
5.75
9.69
10.82
8.61
11.13
14.37
7.42
7.03
5.02
6.16
7.46
7.12
10.16
14.85
6.73
13.46
12.67
5.67
11.76
11.49
7.05
8.51
6.83
5.43
6.2
7.51
8.42
9.98
7.06
14.93
7.09
11.86
5.04
10.39
6.74
11.88
6.83
12.57
10.77
7.6
11.27
5.26
12.23
13.97
8.53
10.41
12.65
6.35
6.65
12.54
10.66
12.11
11.34
5.67
6.87
12.35
7.64
14.89
13.94
7.13
12.29
10.33
12.91
7.05
5.65
10.22
5.77
5.31
5.14
6.37
10.61
6.68
10.75
10.83
11.4
8.2
6.16
11.05
8.73
14.42
9.66
11.64
8.9
13.7
14.54
11.43
9.12
8.58
14.61
14.61
10.61
13.8
10.39
13.01
11.55
9.33
5.43
13.93
9.69
10.11
12.4
12.32
5.44
10.1
7.58
5.35
9.41
11.52
10.63
9.49
5.63
13.74
9.15
8.55
14.48
12.1
8.32
9.28
7.88
13.58
12
8.77
13.76
14.68
9.24
5.47
11.35
14.95
9.86
8.84
10.87
10.73
7.46
7.98
14.02
13.09
6.16
8.97
6.08
12.56
13.71
14.65
13.26
11.11
11.53
11.97
10.29
9.96
13.11
9.69
6.51
5.62
7.7
10.56
11.58
6.44
14.3
6.81
8.5
8.18
10.59
9.11
10.04
7.75
14.72
6.07
7.04
14.27
7.77
6.4
14.94
11.42
12.47
10.55
13.02
10.84
11.22
14.55
8.07
11.66
14.22
10.83
13.79
8.49
5.27
9.46
14.14
10.3
11.96
9.56
14.63
5.16
5.7
12.26
5.27
13.56
10.07
10.14
14.02
7.81
12.39
13.52
8.38
10.4
5.98
9.91
10.35
11.85
13.89
6.56
5.43
13.66
14.65
12
14.46
10.93
13.93
8.52
13.84
9.82
5.07
6.04
7.17
9.29
7.31
6.51
5.11
7.42
11.94
6.27
11.8
14.68
6.15
5.11
8.41
14.52
7.09
14.36
6.42
7.06
8
8.77
6.96
11.59
11.86
9.65
9.72
14.75
6.26
14.98
9.93
6.02
9.03
13.14
11.98
10.68
13.15
6.57
9.77
13.96
6.48
10.98
9.66
7.25
14.36
12.33
8.43
9.59
11.35
10.94
13.76
12.62
7.14
11.79
6.38
14.26
12.37
9.31
6.25
12.88
12.23
9.58
12.45
6.57
9.17
12.87
9.22
7.04
11.95
11.38
14.25
7.05
14.33
5.76
9.94
9.74
10.64
11.58
8.38
8.77
10.56
14.89
6.11
5.84
5.4
11.63
9.91
13.82
11.47
6.1
7.79
8.86
12.89
13.19
8.58
5.03
13.55
12.07
10.08
7.9
9.95
6.9
7.51
10.47
13.32
6.36
12.79
6.45
6.04
14.83
14.07
7.49
14.57
12.1
9.09
5.63
6.96
5.77
10.8
12.78
10.91
5.98
13.51
9.8
6.73
8.41
11.21
12.2
7.7
9.41
5.05
13.36
11.38
10.09
9.22
13.49
9.82
13.85
6.86
5.6
8.07
9.74
5.92
13.63
9.81
10.58
5.13
9.11
7.16
7.45
14.62
10.24
14.91
9.55
10.9
8.74
10.7
9.52
7.52
9.36
12.21
11.35
14.46
10.12
5.28
12.88
8.31
10.42
13.31
5.6
13.08
10.17
14.18
10.24
14.53
6.98
11.44
5.6
5.73
5.86
12.31
14.47
7.6
11.24
13.07
14.49
8.67
14.13
11.98
12.3
13.36
13.78
14.28
7.52
11.9
11.04
5.38
5.9
11.98
6.1
12.83
13.91
8.37
10.63
12.42
12.35
7.86
6.01
9.14
13.06
12.39
10
6.16
14.72
14.82
10.14
11.36
14.9
13.29
7.83
11.54
6.75
13.35
7.84
13.99
10.35
13.75
14.08
13.16
12.81
11.6
7.5
6.09
8.98
13.06
6.89
10.56
5.6
10.99
10.1
6.11
5.02
14.54
6.34
12.65
13.89
6.78
5.11
11.03
7.08
12.79
14.04
10.53
14.12
11.62
8.99
13.86
12.24
10.5
11.17
5.12
6.7
12.02
11.63
5.79
12.76
10.41
13.65
10.88
7
11.89
6.73
13.41
5.55
10.11
11.18
13.38
5.28
8.49
6.71
7.09
12.8
13.5
14.94
7.79
7.24
8.74
12.85
6.79
8.17
11.29
5.77
12.2
7.3
11.68
13.73
12.71
10.7
6.85
14.15
5.85
6.42
10.79
14.26
7.85
12.85
12.38
9.94
8.62
12.31
6.65
12.65
8.91
7.85
10.49
5.24
7.67
12.56
9.56
13.09
14.97
8.78
14.1
12.36
11.15
8.19
7.4
14.05
12.05
10.71
8.02
11.17
13.49
12.63
10.49
14.66
10.97
14.64
10.47
8.7
13.38
8.96
14.69
10.93
14.64
14.17
6.79
13.34
7.69
13.95
6.47
8.05
9.87
7.3
14.95
14.24
13.71
11.75
11.01
9.8
5.71
13.95
10.64
13.59
12.96
5.06
7.53
14.24
11.1
5.58
8.32
12.93
6.27
10.14
9.94
11.01
7.7
8.95
9.02
5.4
14.68
7.14
15
5.42
6.77
10.22
6.6
10.48
10.51
9.59
10.95
6.48
6.71
6.37
12.79
7.03
11.02
14.02
14.71
7.45
10.08
14.79
11.71
13.67
11
6.8
9.88
9.14
14.95
12.13
12.74
7.13
13.69
6.94
7.28
5.3
6.7
12.05
9.63
6.4
8.71
9.92
9.99
14.32
6.65
12.25
9.37
13.89
5.72
8.32
14.06
14.78
11.49
5.24
8.01
9.3
5.79
13.04
12.16
10.36
6.87
6.68
8.96
11.17
10.67
5.55
14.75
12.48
13.66
8.47
7.8
11.96
7.81
11.38
6.98
6.78
13.32
13.19
14.15
12.16
10.67
9.89
7.68
6.92
14.35
11.29
9.23
12
14.83
11.83
5.75
13.42
8.08
7.73
6.08
6.16
7.15
7.71
12.04
9.57
5.93
8.12
5.94
8.98
10.93
13.15
9.61
11.25
9.33
5.12
6.68
7.87
12.32
10.28
7.4
12.04
7.03
8.12
10.56
10.14
5.75
11.1
11.19
9.7
9.03
9.14
8.78
13.9
12.66
13.43
12.34
14.96
14.29
8.5
14.73
14.84
10.37
12.43
9.07
14.05
14.49
14.66
14.13
6.39
9.96
8.07
14.9
12.34
5.12
5.78
10.5
11.1
6.79
8.92
9.23
12.36
7.26
9.86
12.39
8.44
10.54
14.73
14.92
8.82
5.45
9.41
13.71
10.05
9.57
5.24
10.2
6.88
6.84
12.7
14.93
11.12
11.75
12.79
7.26
10.73
11.04
14.33
9.3
9.8
7.38
14.03
14.28
13.99
14.34
9.9
13.18
6.84
12.89
12.06
6.37
7.99
13.32
11.93
7.5
14.03
8.54
11.57
6.87
13.8
10.06
7.36
13.85
12.32
5.18
10.83
5.36
8.95
12.18
9.28
10.97
8.19
11.26
13.35
10.6
10.26
9.13
6.11
11.45
14.6
6.55
11
13.77
6
11.68
8.1
10.19
5.92
8.16
6.29
12.21
5.61
12.45
9.22
7.38
7.72
11.18
13.58
12.2
13.98
10.84
7.52
9.36
9.64
9.07
7.11
14.8
10.5
6.08
5.16
13.87
10.48
10.2
5.72
5.3
9.89
13.83
14.28
9.93
8.56
11.99
7.42
10.33
9.44
14.16
12.35
6.07
12.77
12.14
11.6
5.82
6.92
5.82
8.14
7.79
13.22
7.08
11.64
13.82
13.34
12.49
7.4
13.02
10.14
9.24
8.17
9.99
9
7.28
5.89
11.75
7.69
7.47
12.99
6.17
6.26
12.35
5.71
6.46
8.01
6.32
5.78
8.48
6.8
8.09
14.83
13.93
12.62
9.2
5.01
9.5
7.92
14.21
5.2
9.2
5.11
5.8
10.65
11.01
13.34
10.86
6.68
9.92
6.25
7.04
10.83
13.37
12.17
9.68
5.27
9.7
8.28
14.28
9.49
11.01
10.73
9.33
11.19
9.86
11.79
12.21
12.64
14.31
10.89
12.78
14.49
11.56
14.35
14.14
14.48
9.08
12.96
14.11
5.3
11.74
8.37
8.15
9.77
6.28
11.85
6.74
7.18
6.73
7.89
6.72
6.44
12.22
7.2
14.74
8.08
14.84
9.16
7.67
9.21
6.64
12.21
12.98
7.29
13.76
12.85
13.98
11
5.16
11.49
9.42
5.6
13.33
8
7
12.57
6.34
11.37
10.06
13.96
14.71
5.37
9.97
5.39
13.43
9.14
7.35
7.67
12.99
14.28
11.5
11.55
9.13
5.67
8.54
10.39
10.64
12.67
8.85
6.99
13.36
12.6
6.07
9.46
14.36
12.67
5.64
6.26
7.64
6.86
14.75
11.27
5.2
14.49
10.78
9.4
10.8
10.44
7.44
6.28
10.94
7.51
14.64
11.45
10.94
12.47
10.52
6.26
6.29
6.22
8.29
9.24
9.28
5.94
5.02
13.52
13.15
12.12
10.05
6.72
5.09
14.79
10.74
5.27
5.1
10.56
12.04
8.57
12.22
8.86
11.14
8.91
10.47
14.71
9.2
9.37
7.95
13.83
14.72
5.65
9.98
5.28
14.87
7.27
8.95
13.8
9.76
11.1
8.22
5.07
6.66
7.63
12.56
6.76
10.04
5.96
8.41
6.85
12.13
11.12
5.23
13.3
10.87
14.66
9.03
13.07
7.6
5.66
12.69
13.27
11.3
13.08
7.38
13.96
9.43
5.5
14.16
6.26
11.14
10.55
7.67
14.1
7.08
7.49
9.9
5.26
14.61
14.89
7.67
8.41
12.63
8.83
9.96
14.08
6.31
5.07
7.46
10.17
9.46
10.67
6.8
10.45
7.57
12.35
6.16
7.19
13.48
13.51
13.8
8.53
12.59
9.74
5.57
6.87
7.11
11.76
13.01
13.12
6.58
13.87
11.25
7.52
7.65
11.16
12.71
5.82
6.75
9.6
11.08
6.77
8.01
7.79
8.63
6.99
8.91
7.48
13.53
14.18
6.46
14.3
11.64
13.06
14.29
7.92
11.62
7.39
8.23
11.61
7.47
7.88
7.56
9.16
10.89
14.08
9.27
13.37
9.75
13.11
10.7
14.13
5.91
8.88
8.38
12.64
7.53
9.29
9.57
10.46
10.46
11.07
9.87
7.03
5.78
8.96
8.32
12.41
11.69
12.94
6.97
14.48
12.68
13.09
12.03
11.69
11.77
11.4
13.55
14.7
14.48
9.69
9.27
14.45
13.59
14.08
10.07
11.25
7.79
13.67
6.14
5.97
13.49
6.18
7.81
14.93
8.65
7.2
5.14
9.47
12.7
10.41
11.38
10.75
10.17
6.16
12.58
5.07
6.91
7.51
11.83
14.8
5.84
12.66
13.99
6.19
5.23
5.04
8.58
10.37
6.55
7.55
14.99
12.38
6.97
10.03
13.33
6.33
13.76
8.39
10.29
5.48
5.67
8.2
12.82
5.81
8.8
7.4
13.18
8.24
7.51
13.51
13.85
13.12
14.86
12.11
14.36
9.72
12.31
12.16
12.06
5.61
10.61
10.41
13.72
5.84
5.62
8.04
13.44
11
6.46
6.55
6.16
11.74
10.71
9.62
14.81
13.69
14.18
9.5
9.4
6
13.87
10.12
11.78
5.82
10.63
11.38
14.45
5.91
13.73
7.72
12.42
9.77
10.54
7.75
11.95
7.84
5.13
12.8
5.64
13.9
12.9
8.78
12.35
11.49
13.88
7.69
6.74
12.67
5.99
7.49
8.15
6.62
8.04
14.52
13.68
14.97
5.73
14.6
8.06
7.46
12.02
10
10.43
6.81
7.19
7.65
8.92
13.96
12.71
14.66
12.2
8.07
10.68
7.42
6.96
7
6.53
12.94
8.38
8.4
8.28
10.46
11.88
13.73
5.31
10.67
5.63
14.88
5.77
14.88
5.42
14.34
10.81
6.58
6.09
10.82
9.42
6.86
6.69
7.22
8.9
14.28
6.4
14.06
10.96
11.43
14.24
6.89
10.45
14.4
11.55
5.7
11.51
8.82
6.88
11.67
6.26
14
12.98
6.73
9.7
10.85
6.69
11.27
7.28
11.87
12.74
9.75
7.93
5.45
9.99
7.28
10.06
11.55
7.57
10.51
14.81
10.13
11.96
9.54
8.14
11.65
10.15
7.23
5.03
11.43
7.12
12.41
6.25
7.15
12.3
7.77
5.4
12.71
11.54
13.89
8.56
13.12
9.56
8.36
5.23
11.26
14.4
11.93
9.61
6.36
8.63
12.11
9.14
9.82
13.96
12.17
7.84
13.49
9
13.36
12.14
13.58
10.62
12.54
12.21
11.12
13.41
11.86
7.77
12.89
8.35
13.87
14.16
9.13
11.36
9.88
7.56
6.9
12.41
11.59
12.61
8.07
8.04
9.54
8.42
7.02
8.97
10.19
12.76
9.81
14.46
8.51
8.87
12.1
10.05
12.2
5.21
12.63
6.32
14.05
14.55
9.17
7.13
7.52
6.62
6.61
13.03
14
14.11
10.25
12.53
7.91
8.17
12.1
13.78
12.3
8.38
8.99
7.13
9.04
9.89
13
11.84
11.14
13.74
8
9
10.99
9.38
11.41
7.22
11.05
5.78
14.04
10.13
6.83
11.58
5.3
13.46
11.28
8.55
13.25
5.46
9.68
5.99
10.97
12.04
5.64
5.69
11.12
11.8
10.68
14.65
13.45
11.41
8.85
6.8
5.23
14.55
13.15
5.01
8.84
13.25
11.27
13.27
14.27
5.39
7.08
13.64
13.24
6.61
8.57
10.98
11.52
6.9
9.16
5.68
9.79
5.16
12.17
8.89
12.89
5.3
7.4
6.94
9.51
11.04
12.51
6.66
11.84
11.65
11.83
6.71
9.77
14.11
14.4
5.58
7.94
12.85
6.08
8.03
14.88
9.31
7.68
13.74
13.56
7.6
11.22
9.8
6.21
7.58
5.45
12.79
6.76
12.21
9.83
5.01
5.77
5.81
5.41
9.17
9.13
6.08
5.55
9.41
13.6
7.38
8.84
5.14
10.58
8.22
12.58
6.81
12.03
11.24
12.39
8.62
6.4
9.11
13.67
11.62
10.49
10.52
5.43
8.38
9.86
12.62
12.83
9.62
13.35
14.14
5.59
10.84
10.18
8.01
12.24
8.4
7.64
9.22
12.76
10.23
14.23
12.49
7.9
14.95
6.3
12.04
11.78
12.69
7.7
11.25
10.48
10.47
11.69
6.99
7.63
7.65
5.08
6.91
9.92
12.38
11.98
13.88
11.73
5.13
10.17
11.72
6.22
13.68
11.49
7.61
14.58
8.66
13.63
12.52
8.81
8.59
10.77
14.93
10.61
8.7
13.69
12.56
12.18
9
13.46
12.3
10.38
8.94
5.28
7.65
12.08
9.18
6.1
10.42
8.35
12.35
6.94
14.72
7
7.76
9.84
12.6
8.15
10.19
7.12
13.52
10.27
6.23
8.32
10.97
6.44
9.34
13.8
6.49
5.21
6.22
14.46
10.11
6.26
9.22
10.81
8.95
13.32
11.34
5.36
13.2
5.57
9.92
9.36
14.33
11.35
7.8
7.29
6.26
9.3
14.75
6.66
7.98
14.84
8.53
13.26
8.58
7.2
13.9
5.39
5.91
11.54
11.86
6.58
7.7
8.51
5.31
10.94
10.27
9.83
5.61
7.97
9.66
14.27
12.5
8.07
13.01
14.09
8.57
5.51
13.36
14.81
7.73
14
13.94
8.97
9.3
5.76
6.21
9.86
12.72
8.4
10.55
12.63
7.84
10.13
12.68
11.48
6.29
8.61
13.69
14.41
13.53
10.43
10.8
7.74
6.23
10.34
9.93
10.25
7.27
11.12
5.63
7.25
7.21
9.57
11.84
14.33
14.01
8.47
13.9
6.12
9.98
12.58
7.93
11.61
7.69
10.76
8.69
14.01
12.45
8.99
11.61
9.56
7.37
13.54
8.32
13.96
7.32
13.03
11.61
7.87
6.01
8.52
14.62
10.73
6.7
6.38
11.83
8.77
6.86
14.01
10.45
12.9
11.34
11.16
11.37
7.21
11.84
7.34
10.01
11.91
10.06
13.57
5.17
7.63
13.93
12.99
12.82
14.19
11.01
9.27
8.56
8.88
6.1
12.36
12.45
10.56
10.36
8.74
6.09
8.76
9.82
14.54
8.75
9.62
12.38
8.82
12.37
11.82
8.6
7.51
10.72
9.31
10.27
8.61
8.82
7.55
14.84
13.89
8.58
11.9
12.16
13.06
6.98
5.72
12.5
7.35
6.33
13.87
12.62
10.28
9.53
8.49
7.51
5.01
8.8
11.92
12.52
13.57
5.65
8.95
5.54
14.22
10.68
14.33
11.14
5.08
11.23
13.31
9.03
13.53
8.97
11.88
8.27
11.59
6.08
6.49
11.57
9.34
13.99
6.03
13.86
13.4
8.34
9.57
7.25
13.77
7.6
14.77
12.1
7.85
5.95
9.71
7.89
13.18
8.86
9.27
6.36
8.75
9.59
13.54
13.53
5.93
12.14
9.59
10.12
7.05
5.08
11.06
6.66
14.34
14.13
8.61
9.89
12.64
13.38
11.77
9.51
9.69
13.9
8.05
8.18
5.1
14.81
13.17
12.54
12.74
13.33
14.01
12.86
6.79
11.03
10.24
9.43
14.61
6.72
8.4
8.13
8.1
7.88
12.19
7.51
14.38
13.91
5.62
8.61
9.52
10.32
8.3
14.2
14.96
9.8
5.51
8.48
14.97
6.98
6.42
10.34
8.94
13.32
8.2
13.32
14.39
5.43
5.23
5.63
7.8
13.97
13.53
13.92
6.84
14.94
14.18
11.48
11.32
13.07
9.46
13.43
12.28
5.31
12.25
11.21
5.22
11.88
14.57
10.74
9.63
8.73
7.38
12.6
5.14
5.21
14.27
8.56
9.42
11.22
5.61
12.08
5
7.37
7.42
6.9
7.16
8.11
6.96
9.43
10.91
9.84
8.08
7.43
12.12
5.95
14.5
12.68
13.94
6.25
10.95
6.68
5.74
5.89
5.47
10.55
9.48
10.38
8.99
6.97
7.79
7.85
7.4
9.53
6.47
7.77
14.99
12.89
5.53
8.4
5.58
8.73
14.38
6.25
5.22
12.35
14.49
9.23
14.41
7.53
6.12
6.07
14.95
5.34
14.23
10.63
11.42
12.12
9.33
8.43
9.42
12.53
14.73
14.71
5.7
12.18
9.33
6.22
14.94
7.98
13.87
14.28
12.52
5.84
7.73
14.86
14.11
13.03
6.29
8.04
11.46
8.91
7.78
7.41
14.88
14.18
6.99
6.91
12.96
13.23
8.87
8.37
14.91
6
9.72
10.31
6.29
14.28
7.15
6.63
14.7
6.19
11.89
14.51
5.58
6.27
11.02
13.73
5.63
12.85
7.64
10.1
14.7
7.53
9.8
12.35
10.87
8.74
9.45
8.65
10.64
13.82
5.81
12.29
10.6
5.37
7.99
6.12
11.81
9.53
10.05
12.63
8.35
13.6
8.5
11.96
7.57
12.14
14.1
6.7
10.69
12.05
7.66
11.68
9.84
9.52
5.11
8.3
12.06
12.54
6.3
10.21
10.4
12.59
14.47
11.88
11.21
12.71
13.96
7.1
12.4
5.69
12.18
11.34
6.88
6.91
10.83
8.6
6.01
5.7
5.76
12.33
14.3
6.21
12.38
7.27
8.63
10.12
9.07
6.48
12.9
7.28
11.46
7.65
8.34
13.08
14.44
13.95
12.88
11.43
13.17
5.43
10.62
9.22
5.33
10.66
9.94
14.1
7.67
5.51
14.18
10.89
9.99
5.71
12.66
14.41
13.68
10.06
11.52
13.48
9.15
6.63
14.54
7.68
6.28
12.63
5.94
10.74
10.17
13.69
11.17
13.97
12.28
6.48
5.12
7.62
14.21
10.35
10.62
9.79
6.3
6.38
10.5
12.48
13.31
12.74
14.49
5.08
11.37
8.92
12.21
6.16
7.69
7.09
10.36
8.92
7.19
14.46
14.77
10.1
7.44
11.68
11.13
12.66
8.35
10.28
5.25
8.71
5.55
10.2
7.88
10.39
14.48
6.04
10.73
13.37
13.42
8.38
6.39
6.24
5.84
7.93
9.3
11.65
13.17
10.65
5.92
11.49
12.52
6.36
11.62
6.88
6.13
8.64
7.14
12.19
11.2
5.66
9.02
6.62
7.56
14.79
12.53
11.95
5.39
9.99
7.65
7
5.24
13.68
11.54
12.92
11.56
9.24
5.04
9.58
9.69
11.83
10.06
11.01
8.33
7.69
11.87
9.97
14.15
8.26
10.73
14.38
13.74
8.37
8.96
5.64
8.65
13.5
8.26
12.21
14.77
8.12
13.19
6.18
6.69
13.51
14.32
9.41
7.91
9.41
10.26
10.69
6.52
5.14
9.49
11.61
13.12
13.55
9.17
7.49
8.04
9.29
8.22
12.3
7.87
14.15
5.8
8.19
9.41
11.13
8.86
12.22
13.44
7.05
8.37
11.92
9.03
13.1
11.23
9.02
9.37
7.43
9.62
13.5
6.62
10.03
9.7
12.75
5.83
11.15
10.83
9.99
9.04
12.17
12
6.77
8.31
5.17
7.79
8.32
5.49
12.14
8.52
12.55
8
7.63
12.52
8.51
12.25
10.9
6
11.44
5.36
7.67
6.67
9.32
14.07
12.06
5.54
14.28
12.23
6.23
6.44
9.05
9.39
9.27
9.34
13.61
11.07
14.54
8.33
9.59
10.82
11.31
10.34
11.82
12.19
7.28
5.27
12.69
7.39
11.65
9.14
9.13
12.23
11.1
9.49
11.12
6.18
13.6
5.3
8.75
14.59
13.18
9.76
14.25
6.87
11.93
14.1
7.74
14.5
5.95
13.8
8.43
6.44
12.55
6.78
7.95
12.21
6.29
5.44
9.8
14.74
7.72
10.45
9.63
7.29
9.02
12.4
13.83
10.29
9.42
7.07
10.23
9.71
8.96
7.05
13
12.39
7.73
12.68
6.73
10.17
10.49
10.69
9.91
12.77
12.27
7.67
11.56
6.11
12.45
7.36
8.03
5.05
13.85
9.82
8.11
12.35
6.71
11.94
9.73
8.59
9.42
13.82
9.54
8.66
11.36
11.38
5.78
13.07
13.25
12.9
5.91
10.77
10.52
11.67
11.72
5.41
8.62
11.43
8.97
14.91
9.55
9.7
9.23
9
8.6
14.22
5.31
14.2
12.48
5.65
11.23
9.36
5.96
8.98
8.31
9.97
12.73
5.3
7.55
9.05
10.72
11.42
10.82
6.51
13.05
14.06
8.23
6.09
12.09
13.18
9.25
7.91
14.98
7.49
8.58
12.99
7.22
8.17
11.57
11.29
9.4
14.24
10.83
13.49
12.87
6.11
11.5
10.65
13.81
14.33
5.13
5.03
13.6
6.21
12.93
11.43
10.76
14.71
7.47
10.91
12.48
10.4
13.79
6.01
11.42
13.97
10.44
10.65
7.6
8.39
6.81
12.25
6.01
7.89
9.88
9.54
9.68
8.43
12.37
13.03
11.54
11.81
5.8
6.77
12.65
5.55
11.68
11.12
11.22
5.74
7.32
12.52
13.25
11.57
10.54
10.25
8.29
11.89
11.2
10.73
12.27
11.96
12.23
5.16
12.52
10.22
14.42
10.74
7.42
9.73
13.25
9.99
6.05
14.17
12.55
11.5
5.2
5.12
11.4
9.77
13.31
5.71
10.88
6.49
12.48
9.16
10.06
8.39
13.08
8.11
5.54
14.02
6.81
5.48
11.23
7.53
5.97
8.47
6.83
8
14.98
8.92
7.34
13.27
7.53
11.09
6.81
12.36
7.91
11.36
5.65
12.06
7.8
6.01
10.03
7.73
9.42
6.94
6.15
15
10.11
5.1
6.89
11.93
11.65
14.15
8.82
8.71
10.84
10.52
13.88
8.99
9.52
9.65
7.23
7.88
12.66
11.73
6.72
8.64
10.32
14.97
14.42
6.68
9.87
9.64
10.39
14.65
11.96
5.2
8.37
13.28
12.64
9.34
13.81
11.23
11.34
13.9
13.81
7.7
10.72
12.01
6.54
7.6
5.72
7.25
10.76
5.94
11.3
13.78
7.01
11.9
6.55
13.22
14.35
13.15
13.7
11.99
12.14
14.69
6.73
9.2
10.54
7.69
5.29
8.33
14.99
6.68
7.53
11.81
10.31
7.57
14.28
7.89
12.87
6.31
7.03
5.62
10.65
8.34
13.27
10.69
5.95
10.53
12.53
7.16
13.5
5.9
8.75
13.27
8.97
8.06
10.6
9.82
13.52
14.36
14.03
8.25
12.1
6.91
7.26
14.1
9.26
5.84
7.17
5.37
13.69
14.16
8.09
14.81
14.58
5.93
7.88
12.65
13.47
6.12
6.57
5.88
10.03
8.68
7.96
7.31
5.63
14.27
13.92
8.81
5.79
8.34
5.35
5.02
5.24
8.73
7.47
6.29
8.09
7.32
12.14
10.72
7.62
9.07
11.19
11.8
11.48
8.35
10.33
10.02
10.62
11.76
9.16
6.84
13.76
12.88
7.34
12.67
9.84
14.82
11.09
5.32
12.02
8.88
7.61
9.08
12.26
6.28
5.03
13.97
14.12
13.39
13.27
7.17
10.4
10.5
8.29
6.81
14.08
9.59
6.23
9.04
6.14
13.65
12.46
6.15
9.95
10.11
12.97
12.86
12.88
7.64
5.32
10.99
5.81
6.18
8.87
5.67
8.43
14.64
9.21
14.14
11.77
14.91
10.46
12
5.56
8.56
7.29
11.9
11.47
8.95
7.48
10.14
8.32
11.85
12.23
12.17
13.22
8.93
12.62
11.17
10.02
8.58
10.81
5.3
9.64
7.95
8.04
11.88
5.98
10.5
12.95
5.55
7.18
13.91
11.87
14.02
5.77
9.32
5.11
6.21
14.99
6.02
7.87
11.03
9.14
9.85
12.08
5.07
7.39
7.44
10.28
5.09
5.89
14.99
8.88
9.95
8.22
8.29
5.54
10.74
11.12
14.8
14.41
13.99
5.98
13.6
8.04
11.18
5.79
5.74
14.87
8.01
8.47
13.77
5.74
12.06
13.81
12.91
10.89
12.73
7.1
9.26
10.17
9.76
8.64
14.85
13.27
12.44
10.53
11.7
9.54
9.65
5.63
14.13
10.16
6.51
7.67
7.98
10.62
11.42
13.73
12.68
13.13
13.39
12.09
14.39
12.06
10.69
5.6
5.57
7
6.59
10.06
9.89
12.93
12.6
7.24
9.62
13.13
12.3
6.04
11.74
12.37
6.06
8.77
12.14
11.64
10.25
10.92
6.7
9.91
14.59
14.59
11.93
5.07
13.3
11.39
8.85
11.18
12.45
8.94
9.22
12.65
11.22
10.68
8.22
6
14.53
9.63
8.83
5.65
13.48
11.81
5.6
12.55
10.27
12.6
10.48
14.96
10.38
7.19
5.88
10.87
6.03
14.32
8.34
10.68
7.14
5.38
11.8
12.58
5.89
13.31
8.98
5.91
14.16
13.36
5.13
12.29
14.6
7.45
11.27
10.85
12.22
7.11
5.64
14.87
14.73
6.77
13.74
14.78
10.52
9.41
5.48
12.53
12.9
14.18
11.8
6.6
6.71
11.83
8.18
9.55
6.73
8.92
7.76
6.08
5.69
9.03
12.14
13.28
7.34
8.1
10.42
13.52
14.44
12.52
12.69
14.51
8.19
7.98
6.87
10.74
6.29
10.07
6.37
8.11
14.85
13.47
7.12
10.34
6.07
11.76
6.87
8.99
9.18
5.92
14.42
5.85
11.87
14.4
12.44
8.64
11.62
8.84
5.89
10.52
6.64
14.84
6.41
8.63
14.38
8.89
6.07
14.35
11.01
5.61
12.26
6.81
11.3
13.25
13.93
6.21
5.34
13.61
13.54
5.78
14.04
6.56
9.59
11.07
11.31
8.67
13.05
14.58
8.1
8.48
7.49
14.87
9.15
14.3
13.07
7.63
14.9
9.94
12.25
12.13
11.99
8.52
5
7.29
5.53
10.53
13.42
14.84
12.49
8.05
10.67
5.06
11.36
14.78
8.98
10.82
11.61
12.99
7.43
11.28
9.6
9.09
8.13
11
8.48
7.33
14.57
5.34
8.28
7.38
5.04
6
14.82
7.26
5.13
12.03
7.48
9.03
8.11
5.03
14.82
11.2
9.68
8.49
9.27
10.81
5.66
12.74
5.95
10.91
8.14
8.55
12.33
14.75
8.05
12.38
9.23
7.47
8.19
11.64
8.29
13.87
9.17
14.51
9.74
6.68
10.26
7.59
6.12
14.71
9.83
10.62
12.93
9.7
7.99
12.51
14.88
5.35
7.71
11.59
8.25
7.2
14.95
7.36
9.48
12.89
14.06
9.54
13.94
8.64
7.81
8.61
9.36
9.48
6.02
7.73
7.9
9.24
12.68
7.02
6.46
11.16
6.3
6.88
14.16
9.52
7.92
6.24
12.55
14.54
5.01
8.69
6.66
13.4
12.38
12.95
8.74
9.24
5.86
13.71
10.63
5.64
13.63
14.86
9.38
13.45
11.64
10.81
11.63
5.67
5.82
12.61
13.36
7.35
11.09
6.15
14.6
9.08
14.37
10.27
5.48
7.56
6.4
9.43
13.4
14.53
7.76
11.89
6.13
13.07
12.72
14.91
10.14
6.42
9.19
11.03
11.7
14.29
9.45
7.24
14.56
6.2
13.23
8.46
13.75
9.57
12.43
14.35
10.66
9.8
12.7
8.94
14.4
11.5
12.43
5.87
10.32
14.93
8.83
12.48
12.14
5.21
8.93
5.74
9.24
7.8
13.86
12.64
8.94
8.98
13.96
6.95
5.69
12.12
10.68
14.13
11.2
6.5
14.27
8.63
9.73
14.94
10.54
13.85
8.17
14.88
14.94
13.46
5.98
6.13
5.87
13.58
7.5
5.16
10.32
14.74
12.27
10.42
9.57
7.93
6.59
11.76
5.81
11.11
7.06
9.18
7.88
14.77
9.99
10.94
10.23
12.76
11.53
11.11
5.32
11.86
12.18
10.32
5
14.52
8.49
5.66
8.73
14.13
13.45
13.87
10.87
6.28
12.75
6.29
5.15
14.01
5.96
11.05
10.48
5.76
11.87
8.12
9.53
6.17
9.74
6.38
8.76
6.74
10.64
14.46
10.59
13.25
5.8
13.5
7.06
7.07
6.89
14.61
14.74
12.6
9.83
9.3
6.28
6.56
7.38
11.33
13.23
5.54
13.92
12.66
8.93
6.86
13.24
10.72
10.69
7.01
8.89
9.97
13.94
13.35
5.29
12.35
8.93
7.14
6.33
13.44
5.1
12.59
12.06
10.8
6.68
11.92
8.42
10.76
14.7
12.26
6.18
11.31
10.47
8.34
10.95
5.95
6.36
8.91
14.3
13.75
12.85
10.64
5.12
11.94
5.89
10.79
14.72
13.65
5.68
8.97
11.74
8.71
6.25
5.13
12.18
12.47
12.15
14.47
10.3
11.69
13.55
10.27
12.05
13.59
11.01
13.82
10.01
14.12
6.03
10.73
13.26
7.52
11.85
9.19
14.19
10.52
13.12
9.32
9.26
6.43
12.18
13.37
6.6
13.86
6.37
6.48
14.61
9.32
7.64
14.5
11.12
12.32
11.09
14.65
14.93
8.57
10.86
9.04
11.24
7.95
11.18
7.47
6.32
13.92
11.91
13.62
14.39
8.1
5.55
8.24
8.83
14.42
7.23
5.31
8.03
10.35
5.07
8.15
14.28
14.66
12.28
10.83
5.41
7.94
6.95
14.69
10.08
14.23
12.46
12.85
9.19
8.34
13.15
6.44
6.95
10.64
5.71
10.41
6.62
11.32
10.85
8.86
9.62
8.34
13.24
14.72
9.91
14.61
11.42
13.67
5.07
13.12
14.19
7.17
13.19
8.93
14.08
13.32
12.9
12.4
10.55
5.23
11.05
13.62
5.07
6.94
5.85
7.36
9.59
13.12
14.48
13.94
12.41
11.69
13.65
7.89
8.19
5.07
10.08
14.23
10.82
14.6
9.76
11.41
9.97
11.51
8.38
5.28
7.47
7.81
8.1
13.99
8.79
13.04
5.96
5.33
11.69
12.66
6.34
9.93
12.07
7.29
14.97
14.63
9.51
14.12
14.26
7.75
9.53
9.52
12.35
9.42
12.56
10.73
10.56
6.14
5.07
12.78
8.58
12.74
12.13
12.23
10.86
10.37
10.68
10.34
14.43
12.48
7.96
5.25
9.59
10.96
13.24
7.37
11.46
11.24
8.31
6.73
5.22
11.57
14.79
7.53
6.82
11.26
9.23
7.58
6.6
11.02
8.96
5.43
5.63
7.81
7.49
13.81
6.48
12.47
5.83
9.3
11.81
6.79
9.48
12.44
14.75
9.4
7.91
10.67
8.75
14.33
11.5
7.6
12.71
12.74
13.94
5.2
14.42
5.47
10.66
14.97
7.19
10.06
5.79
14.83
8.65
6.27
6.55
11.66
8.38
9.92
7.33
6.13
11.15
14.3
14.67
11.17
6.29
8.2
6.46
7.49
7.16
6.55
6.26
14.5
10.95
5.58
11.71
6.44
9.18
11.6
7.62
8.76
8.99
7.06
11.51
14.47
12.05
8.31
13.45
5.42
9.47
12.66
13.95
7.02
11.19
14.54
9.14
14.17
8.16
9.16
10.86
14.7
9.28
6.09
9.49
5.53
12.03
10.8
8.04
9.35
13.58
7.67
11.19
12.81
6.43
14.94
14.32
7.94
13.68
7.99
6.31
13.84
14.66
6.21
8.86
6.27
9.06
7.47
8.74
5.09
13.12
9.13
7.22
9.52
9.92
14.13
14.85
5.64
5.85
6.08
8.01
13.35
9.36
6.65
14.88
14.48
5.69
10.26
10.64
11.42
6.46
9.96
5.11
5.29
13.01
8.94
10.22
12.24
10.26
6.72
10.75
8.81
10.56
8.51
12.12
8.98
12.4
10.18
8.91
8.53
14.22
8.4
14.83
14.26
9.41
5.97
14.2
11.62
10.27
14.92
13.82
13.33
5.93
10.99
11.57
9.68
5.54
6.72
7.73
5.34
5.86
6.69
12.59
10.19
5.47
6.44
10.86
10.75
12.27
9.54
13.07
13.84
11.2
6.06
11.39
13.83
9.25
6
6.68
6.13
5.77
10.83
11.69
9.68
13.66
8.6
6.55
8.98
8.89
8.45
6.51
13.58
11.33
8.62
14.98
12.59
10.93
11.82
11.97
5.56
9.42
12.04
12.32
11.84
11.61
7.66
7.05
8.62
8.18
7.87
11.94
10.45
8.05
6.11
9.49
5.22
11.82
7.14
5.27
9.18
12.77
14.86
7.97
14.18
12.91
9.11
9.25
14.51
9.85
14.38
5.52
11.19
6.67
9.62
10.65
11.59
11.02
12.09
14.18
7.8
8.55
12.51
9
5.68
6.61
7.87
7.03
8.88
13.98
9.43
8.79
9.3
13.58
14.54
7.9
11.9
13
8.89
8.21
10.95
7.07
12.8
5.53
14.42
11.87
6.23
10.09
10.42
12.04
5.67
9.87
9.83
10.16
5.91
5.28
8.11
10.76
14.5
8.19
8.11
14.49
11.54
8.77
8.1
10.32
12.71
12.8
9.99
9.77
6.19
6.57
5.24
11.56
10.52
12.86
6.99
5.52
11.75
7.16
6.53
9.19
13.78
14.91
6.41
7.85
6.09
6.51
11.62
7.92
11.58
5.99
7.23
13.51
14.95
12.09
6.94
9.73
14.47
9.48
12.2
14.96
9.7
7.27
10.38
12.75
6.57
12.64
5.27
14.05
13.25
12.02
6.78
8.99
12.87
9.88
9.83
14.47
12.36
7.8
5.67
7.7
10.93
8.46
11.01
5.58
6
9.85
9.76
14.16
6.66
13.47
13.52
7.07
13.4
9.42
9.05
13.76
7.02
7.11
12.09
6.97
9.42
12.24
13.34
10.94
13.58
10.02
11.69
12.54
9.45
9.84
11.83
5.42
6
11.88
10.31
12.46
9.34
7.21
8.9
11.74
9.3
9.5
8.89
5.02
13.77
14.19
7.6
10.19
7.52
7.21
13.6
7.62
9.83
13.63
14.32
12.66
13.64
13.24
10.93
12.38
13.65
8.97
12.28
9.18
7.73
9.98
6.52
11.27
5.74
10.85
9.79
12.34
13.41
11.12
9.1
8.76
6.34
12.54
6.77
13.08
14.28
7.48
14.62
9.68
7.98
7.63
6.09
10.81
12.86
11.09
11.08
11.35
8.31
6.09
11.68
14.42
6.38
13.06
11.43
12.03
12.39
13.57
12.16
13.04
13.43
10.33
9.53
6.39
9.52
10.62
11.86
14.81
6.09
14.94
12.26
5.55
6.49
9.79
8.25
6.69
11.99
10.57
9.26
7.54
7.23
5.25
9.29
11.28
6.14
5.2
8.67
6.52
9.68
14.84
13.93
9.57
5.46
9.19
6.77
10.35
12.45
11.03
5.67
13.98
10.48
11.9
8.66
12.33
5.36
14.02
11.98
14.83
7.01
10.62
13.01
14.36
8.41
7.85
9.21
7.11
6.87
11.89
13.58
7.47
14.68
7.39
7.34
13.83
6.17
8
12.78
11.18
5.84
6.78
13.66
5.58
14.41
5.7
11.61
13.76
9.16
8.74
12.67
12.27
11.96
5.68
6.67
11.36
14.99
12.92
10.53
5.35
5.47
11.24
9.45
9.67
14.27
13.24
13.3
8.33
10.35
11.62
7.81
8.26
13.92
9.43
8.99
8.99
6.36
9.44
13.13
10.89
9.16
6.52
14.44
6.32
10.01
6.08
6.79
14.26
7.81
7.43
14.53
10.96
14.17
13.23
13.6
13.72
12.28
14.46
13.66
11.55
6.1
10.62
11.02
14.99
5.5
14.39
11.04
10.42
7.06
9.12
7.06
12.05
8.44
6.92
14.34
6.38
7.81
10.6
10.02
9.89
5.24
5.84
12.51
8.16
13.22
9.63
14.3
5.98
6.42
13.25
14.11
13.8
9.32
12.52
8.07
12.22
11.54
8.58
8.3
10.3
5.54
8.51
7.6
10.96
13.89
9.27
14.32
11.86
5.13
14.07
7.28
8.85
5.31
8.5
7.99
8.1
8.97
14.29
10.97
13.54
14.09
8.93
14.06
7.23
14.77
5.63
13.08
6.41
7.89
8.57
14.88
11.71
8.91
13.84
6.44
15
9.25
8.61
14.09
10.16
13.82
7.69
7.5
13.05
12.3
5.24
10.1
10.37
12.77
14.08
5.61
6.74
5.07
14.28
13.47
9.4
14.21
10.82
12.95
9.18
9.61
7.75
7.96
9.51
14.64
14.29
9.93
8.05
5.48
12.53
12.29
6.82
7.85
14.45
10.19
11.89
9.49
14.4
12.98
5.48
13.59
11.28
7.9
11.23
5.03
14.63
10.43
12.35
6.11
13.41
12.94
11.42
6.08
13.55
7.06
11.85
12.12
9.34
6.62
13.41
9.03
9.21
8.57
6.08
5.47
10.54
10.6
13.1
11.96
7.25
6.69
6.55
12.71
14.16
13.96
7.01
13.19
14.92
5.67
13.61
9.04
12.66
11.2
10.95
9.32
11.82
6.56
8.89
9.19
10.14
6.59
8.15
10.67
14.58
10.39
7.07
7.44
9.79
6.09
14.38
14.05
9.5
8.26
11.82
5.08
10.68
8.53
6.89
10.58
5.53
10.28
9.06
6.85
9.48
12.13
12.41
5.09
6.62
14.06
12.44
8.11
11.67
12.24
14.83
12.95
11.56
11.64
13.39
11.52
7.99
9.82
11.63
5.79
11.79
5.88
7.82
12.62
9.25
10.71
9.41
10.76
12.89
13.88
13.2
10.53
8.94
10.96
10.8
5.44
13.3
9.09
11.45
6.76
8.8
12.22
10.47
9.67
14.54
7.07
9.8
6.47
5.83
7.26
7.8
6.69
5.63
5.88
6.33
5.61
10.49
10.23
5.89
12.99
7.09
14.54
11.45
14.49
5.82
11.88
12.32
13.42
5.38
13.76
12.4
7.72
13.77
5.96
5.81
12.9
10.22
5.7
8.99
9.56
5.63
10.58
12.81
12.69
14.99
13.71
12
5.02
8.24
6.29
13.22
5.28
5.31
7.2
9.37
13.84
8.25
12.24
10.5
9.78
9.65
14.64
5.35
7.78
8.54
6.89
8.76
13
12.25
7.13
8.08
10.25
6.11
14.59
6.12
11.99
9.2
12.09
14.29
8.24
11.01
11.3
8.35
14.67
11.29
8.64
6.16
10.54
8.1
13.97
10.99
6.42
7.94
12.36
11.18
11.43
12.1
8.38
7.23
10.21
6.32
11.18
9
14.66
14.91
14.96
5.31
10.48
10.08
13.88
12.57
8.17
9.99
11.44
12.17
8.3
8.88
9.1
9.39
12.27
10.53
13.89
6.03
7.53
13.38
5.59
5.44
13.03
6.6
7.54
14.42
11.86
12.55
8.9
12.49
8.85
11.87
9.58
7.42
14.1
6.34
7.51
8.36
13.63
5.9
9.47
10.16
12
12.75
11.3
7
13.37
7.85
5.1
10.26
11.25
13.46
10.23
8.6
5.38
14.13
12.86
6.31
7.52
8.95
9.2
8.1
12.72
9.19
11.39
9.74
13.86
9.41
9.13
11.29
14.01
14.89
14.78
7.77
6.83
14.57
9.54
11.49
8.64
12.36
11.68
12.96
7.12
12.23
6.95
6.22
8.95
12.55
7.38
6.58
5.29
13.45
10.57
12.02
8.83
8.64
13.51
14.33
11.38
13.46
13.77
7.93
10.2
6.51
10.49
8.17
13.45
6.68
7.43
5.27
9.63
5.9
8.27
5.99
9.93
14.43
13.93
14.48
10.92
14.66
5.46
12.85
12.37
10.39
8.56
5.09
6.17
7.15
7.55
13.84
7.43
13
9.83
10.02
11.63
13.49
10.75
10.31
10.2
8.53
14.24
11.62
10.62
5.7
12.11
13.46
14.66
10.01
10.59
14
11.09
11.82
9
6.43
9.65
5.36
11.43
9.05
8.97
6.03
6.73
14.33
8.37
6.57
5.98
13.07
14.87
14.89
5.84
8.41
11.74
14.71
10.41
5.81
14.02
9.62
9.07
13.44
10.26
11.16
7.54
7.94
9.6
14.42
6.07
9.54
10.69
8.68
13.47
14.95
6.76
13.88
10.27
8.62
8.79
13.44
10.89
10.61
14.4
8.61
11.66
9.54
7.18
6.39
5.05
14.11
12.48
8.9
10.71
6.28
12.93
12.34
5.06
14.23
7.72
5.44
13.88
12.86
10.69
6.84
11.17
9.77
9.52
6.04
9
5.53
9.49
7.98
11.38
9.63
7.14
14.74
9.6
9.86
10.09
11.8
12.86
9.72
13.09
7.54
8.1
9.39
9.99
5.03
12.87
5.5
14.65
5.39
13.26
7.02
9.72
9.96
10.38
8.57
13.08
14.17
6.93
13.29
8.59
12.5
10.4
10.9
14.72
10.21
13.88
7.03
8.91
12.11
6.94
8.48
13.23
7.76
9.43
11.62
8.39
10.34
7.2
7.54
12.58
14.93
14.9
12.88
7.7
7.67
6.3
14.09
5.92
6.36
6.14
6.86
13.08
11.28
7.26
5.94
7.05
9.23
13.92
5.61
11.91
14.07
12.08
9.47
9.97
7.04
9.73
13.93
12.68
14.34
13.54
7.1
11.83
5.25
12.29
10.72
8.9
8.36
12.16
7.83
13.33
8.9
7.93
6.58
14.46
9.57
10.49
15
6.84
13.96
9.07
12.82
10.82
10.7
8.76
6.5
10.43
5.34
7.25
10.28
8.52
6.01
7.73
13.91
9.93
6.54
9.08
11.6
6.9
5.55
8.64
7.42
12.65
6.26
6.05
5.75
6.29
13.99
7.41
8.42
10.34
12.89
7.14
14.47
6.47
10.14
10.1
8.28
12.12
11.93
11.23
5.87
8.78
10.41
14.29
5.09
7.21
7.89
10.92
8.45
5.9
9.46
12.17
10.94
9.54
11.17
12.7
5.57
12.3
10.39
7.28
12
11.25
9.66
14.47
7.36
6.76
8.9
8.76
7.63
15
10.46
13.1
7.34
12.57
8.53
9.25
10.88
13.41
6.65
10.29
5.58
8.19
7.65
5.9
8.34
14.3
10.26
6.18
5.72
5.32
14.47
10.37
12.38
8.71
14.22
5.62
12.02
8.47
6.11
5.1
7.5
5.64
5.94
6.67
13.87
7.87
9.38
7.84
13.37
11.15
12.06
10.06
12.65
11.95
8.25
10.61
13.15
12.98
13.47
12.08
5.42
14.46
14.14
11.17
7.61
6.92
12.93
7.31
8.55
7.6
10.47
14.41
11.93
9.06
14.78
13.66
13.72
7.37
14.36
5.56
5.93
7
6.47
5.7
8.56
14.3
11.5
11.38
6.37
12.02
13.36
13.12
5.55
13.1
8.68
9.51
10.5
12.46
14.46
6.37
9.04
6.53
10.66
9.65
7.44
7.59
6.36
11.42
12.43
8.64
8.61
7.22
7.44
11.45
11.69
8.9
8
9.72
6.86
14.13
8.7
10.7
14.32
8.07
10.83
12.17
13.7
5.14
14.34
14.62
12.57
14.53
7.36
12.59
9.41
9.86
10.87
9.45
5.64
14.05
10.98
9.49
9.84
11.13
9.08
9.17
10.25
6.01
6.17
12.19
7.21
6.4
9.18
7.77
13.3
7.44
7.75
7.45
11.89
6.7
10.87
14.29
14.31
13.28
7.26
14.62
9.91
8.37
6.58
11.58
13.71
13.87
11.7
11.27
10.4
9.67
5.55
9.24
14.49
6.64
11.7
12.62
11.68
9.99
10.77
7.45
11.83
14.08
10.07
12.18
6.27
13.54
5.71
13.99
13.5
10.43
5.77
10.41
8.4
11.2
8.6
12.1
13.22
12.03
14.5
6.09
12.02
14.89
7.46
6.03
12.75
5.9
10.66
5.56
13.82
13.62
10.44
8.16
11.51
11.34
7.85
10.04
14.79
11.7
6.2
8.54
9.4
12.04