5.16
5.98
6.59
7.78
3.95
6.12
6.75
7.84
1.61
4.95
3.43
3.53
4.17
5.75
8.4
2.24
2.6
7.99
2.54
9.8
7.38
9.43
2.24
9.36
1.7
4.81
7.62
3.77
7.04
1.24
9.65
1.36
2.63
8.59
5.31
9.76
4.69
6.98
9.13
2.47
5.42
1.32
6.94
5.03
2.25
7.98
3.68
5.26
2.97
7.65
3.33
3.67
5.64
3.01
5.82
3.09
8.57
3.93
1.2
8.12
6.95
3.08
5.35
8.14
1.35
5.07
7.14
8.1
3.61
4.39
4.71
7.73
5.65
8.59
3.15
8.31
3.66
3.74
5.92
6.16
5.6
5.2
1.15
5.11
7.92
1.66
2.73
1.37
5.6
6.56
6.68
7.36
1.58
8.5
7.91
4.48
5.92
1.32
5.24
7.81
5.63
6.68
4.19
3.11
7.16
7.93
4.44
2.9
5.16
8.39
5.79
2.72
9.76
3.95
3.21
5.39
6.66
9.79
3.14
2.03
2.67
8.72
3.01
9.75
6.41
5.82
4.33
6.91
6.82
2.12
3.01
5.56
6.51
6.5
3.32
3.68
9.64
3.02
4.24
8.96
5.61
3.57
3.55
1.6
2.65
7.95
1.87
7.22
9.04
5.34
2.58
6.12
9.4
5.24
3.43
4.95
4.05
2.28
1.79
9.49
6.03
1.98
2.16
1.1
6.71
7.98
8.72
1.19
1.94
3.66
7.56
3.92
4.15
3.82
8.1
3.46
3.68
4.86
5.27
7.74
8.55
3.32
6.79
9.87
8.45
2.17
7.28
7.61
6.59
3.93
4.02
7.6
9.25
4.56
9.68
2.51
6.99
3.51
5.42
8.97
1.81
2.05
6
6.92
8.86
2.87
6.47
9.31
4.42
5.81
8.44
9.58
5.56
9.19
1.14
3.5
3.51
9.17
4
6.69
5.75
1.78
9.86
1.07
5.42
5.81
7.09
5.45
3.07
5.6
7.53
4.17
3.27
6.1
7.64
6.44
7.5
8.93
4.31
2.6
6.3
5.43
5.21
6.13
1.8
8.28
4.64
6.52
6.2
3.1
5.11
3.63
6.99
1.14
5.06
3.08
4.43
7.54
2.64
8.1
4.13
8.91
1.5
1.67
3.64
4.41
7.66
5.47
4.5
2.61
5.19
3.83
6.31
8.02
5.52
7.29
9.46
9.25
1.66
2.24
2.25
7.45
8.82
1.06
5.17
9.71
7.87
5.79
9.96
3.07
3.15
1.61
2.57
7.24
4.72
5.56
1.02
7.64
8.59
5.68
7.66
1.66
6.97
8.31
7.35
1.9
7.61
1.33
4.65
9.67
1.42
1.36
8.96
8.69
5.47
9.41
7.2
8.28
1.44
2.99
8
2.48
3.09
7.55
4.88
9.3
7.21
6.17
6.68
2.33
7.39
9.56
8.62
3.8
2.38
3.35
5.29
6.2
3.8
4.43
8.93
2.84
7.95
4.83
3.95
3.26
1.08
1.44
7.24
2.5
4.26
2.79
5.06
2.83
5.45
1.59
6.92
2.69
7.7
4.17
7.46
9.76
7.75
5.08
4.74
4.61
4.49
5.93
3.66
1.88
7.52
2.69
8.82
8.66
4.27
9.36
2.18
5.85
6.68
3.87
6.6
6.01
6.8
5.46
5.09
9.35
3.22
8.35
9.22
3.7
3.9
4.42
7.31
3.27
8.17
4.04
2.28
7.84
3.41
7.57
8.73
3.88
2.57
7.07
8.62
9.45
7.2
4.41
6.11
7.84
9.32
3.28
5.14
7.07
4.96
3.24
2.1
6.98
5.53
9.2
5.52
4.34
1.04
7.14
3.15
2.13
1.33
9.22
9.86
7.74
1.62
1.02
5.51
3.25
9.58
5.36
6.7
7.25
5.04
8.37
7.57
7
5.03
4.57
9.06
8.19
3.53
7.43
5.49
3.49
5.51
9.65
8.3
7.04
5.17
9.17
4.43
3.16
6.45
2.29
8.15
3.86
5.94
1.81
3.21
5.86
9.3
8.76
1.31
5.55
3.28
6.41
2.48
1.55
7.05
7.59
7.36
8.29
6.33
4.79
3.08
6.25
6.12
4.78
3.5
5.16
3.6
2.36
5.93
7.68
3.75
1.81
7.22
5.08
2.68
6.8
7.04
1.42
3.81
6.52
5.19
5.62
5.29
8.51
4.92
4
4.23
3.9
3.46
5.84
7.39
9.32
2.91
4.68
8.47
7.69
3.04
9.55
2.29
7.33
5.9
3.69
8.05
7.06
9.97
1.62
9.63
8.84
2.15
7.39
6.32
5.78
7.89
7.85
1.83
6.59
6.48
9.41
8.45
7.67
6.61
7.38
2.84
4.96
8.04
1.59
9.72
8.97
7.11
9.33
3.14
4.76
4.19
1.41
4.62
1.61
7.49
1.58
7.34
9.93
4.81
9.89
3.69
3.66
8.33
6.2
4.42
4.73
6.41
8.94
5.96
1.52
2.87
1.11
8.91
5.63
9.03
9.62
6.67
2.44
4.16
5.38
2.32
5.29
1.53
2.48
2.53
1.1
7.52
6.47
3.33
1.8
1.81
6.83
1.05
3.46
5.58
7.64
8.28
5.19
7.2
4.83
4.86
4.1
5.85
4.97
2.11
6.8
7.47
9.99
8.12
2.86
7.25
1.19
6.84
2.95
5.08
3.03
1.71
3.6
5.65
8.24
4.61
3.77
7.93
5.2
6.46
8.82
1.35
8.97
1.64
9.01
9.05
8.15
5.55
1.99
5.03
6.7
3.37
4.79
9.62
2.89
5.62
5.89
6.68
6.26
1.48
9.58
2.72
7.96
6.04
4.17
2.58
5.27
7.24
6.22
7.44
7.91
2.79
9.47
4.32
6.36
5.12
6.2
7.81
5.93
1.27
4.4
2.46
4.41
4.74
2.72
8.93
2.54
8.54
9.33
3.89
9.64
8.41
8.46
7
9.66
5.56
8.6
6.08
1.15
4.49
6.25
3.38
2.1
1.22
5.83
8.78
9.02
5.71
3.43
9.12
4.77
5.31
6.66
7.87
7.7
6.22
9.73
1.37
3.37
3.67
6.2
3.18
5.22
9.13
6.4
6.94
8.85
8.02
9.21
4.87
2.3
4.62
9.65
4.93
4.82
7.89
3.06
3.82
5.26
1.75
6.64
6.8
7.45
2.12
4.39
4.42
8.12
1.22
7.42
4.12
5.11
6.64
6.3
5.31
2.07
4.04
8.69
8.78
3.96
9.53
7.4
8.7
9.14
9.25
2.9
1.33
1.96
8.01
7.61
5.67
6.35
2.77
6.59
6.82
1.8
5.63
1.9
2.51
1.48
4.93
3.52
9.87
4.59
8.7
4.01
8.02
3.23
9.11
8.81
6.02
4.5
9.53
4.67
8.91
2.4
6.95
7.86
7.77
8.47
1.06
2.41
8.51
2.07
3.56
8.88
5.99
2.48
9.59
9.08
7.14
6.19
9.47
7.64
8.51
7.47
7.94
8.51
7.6
9.65
8.68
6.24
3.2
8.49
8.81
8.66
5.02
2.69
2.91
8.29
5.21
4.79
6.73
6.11
1.73
8.87
1.57
7.68
8.29
3.46
1.51
9.08
2.05
2.82
9.55
7.65
7.22
4.67
8.43
5.07
6.7
5.95
2.13
6.97